                                                                                                                                                  
                                                                                                                                                  
                                                                ******************************                                                    
                                                                  DIRECT SOLAR RADIATION (2)                                                      
                                                                ******************************                                                    
                                                                                                                  COUNTRY = JAPAN                 
                                                                                                                                                  
                                                                     SCALE = WRR                                                                  
                                                                     UNIT  = 0.01 MJ/m**2                                                         
                        STATION    : Abashiri                                                                                                     
                        STATION NO.: 47409                                                                                                        
                        LOCATION   : 144ﾟ17' E                                                                                                    
                                      44ﾟ01' N                                                                                                    
                        ALTITUDE   :   37.6  m                                                                                                    
                        YEAR/MONTH : 2023/06                                                                                                      
                                                                                                                                                  
              DATE   -01  -02  -03  -04  -05  -06  -07  -08  -09  -10  -11  -12  -13  -14  -15  -16  -17  -18  -19  -20  -21  -22  -23  -24  TOTAL
                                                                                                                                                  
               6 1   ...  ...  ...    0   93  190  122  147  236  327  332  263   38  216  277  213  114    7    0  ...  ...  ...  ...  ...   2575
               6 2   ...  ...  ...    0    0    0    0    0   22   84   22    0   98   11   83    0    0    0    0  ...  ...  ...  ...  ...    320
               6 3   ...  ...  ...    0    0    0    0    0    0    0    0    0    0    0    0    0    0    0    0  ...  ...  ...  ...  ...      0
               6 4   ...  ...  ...    0    0    0   14   17   67   93   96   17   13   19    8    4   67   87   48    0  ...  ...  ...  ...    550
               6 5   ...  ...  ...    0    0    1    0   11   97  131  117  217  331  330  314  294  265  210   89    0  ...  ...  ...  ...   2407
               6 6   ...  ...  ...    8  135  231  275  300  315  327  230  280  159  237   87    9    0    1    4    0  ...  ...  ...  ...   2598
               6 7   ...  ...  ...    0    0    0    0   29  143  152  185  275  174   25    0    0    0    0    0    0  ...  ...  ...  ...    983
               6 8   ...  ...  ...    0    1   62    2    0    2   35   41   89  224  269  282  264  222  122    5    0  ...  ...  ...  ...   1620
               6 9   ...  ...  ...    2    2    4    7   12    8   10    2    1    0    0   19    4    1    0    0    0  ...  ...  ...  ...     72
               610   ...  ...  ...    0    0    0    0    0    0   25   10   18   32    0    2    0    1   24   47    0  ...  ...  ...  ...    159
               611   ...  ...  ...    3   17   99  240  279  295  310  314  289  301  152  116   56   18    0    1    0  ...  ...  ...  ...   2490
               612   ...  ...  ...    2   78  175  225  261  291  279  295  320  316  295  281  250  130  144   56    0  ...  ...  ...  ...   3398
               613   ...  ...  ...    1    0    6   19   59   48    7   86  191   89    5   17   22    3    6    0    0  ...  ...  ...  ...    559
               614   ...  ...  ...    3   77  181   29  210  206  206  274  174   51    0    0   43   20   86   18    0  ...  ...  ...  ...   1578
               615   ...  ...  ...    7   96   75   43  111  209  317  306  316  296  276  150   91   82  126   38    0  ...  ...  ...  ...   2539
               616   ...  ...  ...    1   74  127   24  134  164  269  213  156  251  257  218  165  182  109   25    0  ...  ...  ...  ...   2369
               617   ...  ...  ...    0   87  132  114  172   91   62    0    3    3   59  124  113   78  139   57    0  ...  ...  ...  ...   1234
               618   ...  ...  ...    0   17  200  196  146  216  144  205    6    0    0    0    0    0    0    0    0  ...  ...  ...  ...   1130
               619   ...  ...  ...    0    2    0    0    0    0    0    3    7    2    0    0    0    0    0    0    0  ...  ...  ...  ...     14
               620   ...  ...  ...    0    0   35  232  194  110  287  337  332  332  324  317  293  268  220  100    0  ...  ...  ...  ...   3381
               621   ...  ...  ...    1   51  211  263  270  303  314  319  308  240  236   81   37   32    5    8    0  ...  ...  ...  ...   2679
               622   ...  ...  ...    4   17  141  167  273  290  303  308  287  264  227   96    9    3    7    6    0  ...  ...  ...  ...   2402
               623   ...  ...  ...    2    0    0    0    0    0    1    0    0    0    0    0    0    0   32    7    0  ...  ...  ...  ...     42
               624   ...  ...  ...    0    0   22  154  176  137  109   80  199  276  295  242  270  223  136   81    0  ...  ...  ...  ...   2400
               625   ...  ...  ...    1   33   81  142  257  281  293  300  306  306  303  292  272  243  189   85    0  ...  ...  ...  ...   3384
               626   ...  ...  ...    4   94  187  233  272  288  297  308  304  295  283  270  221  160  111   32    0  ...  ...  ...  ...   3359
               627   ...  ...  ...    1   11  150  240  270  291  300  298  302  265  291  273  226  146   30    1    0  ...  ...  ...  ...   3095
               628   ...  ...  ...    0    0   77   10    0   55  130  119    2    0  215  174   13    0    0    0    0  ...  ...  ...  ...    795
               629   ...  ...  ...    0    0    2   11    0    1    7    4    0    0    0    0    0    0    0    0    0  ...  ...  ...  ...     25
               630   ...  ...  ...    0    0    0    0    0    0    0    0    0    0    0    0    0    0    0    0    0  ...  ...  ...  ...      0
              ------------------------------------------------------------------------------------------------------------------------------------
              TOTAL                  40  885 2389 2762 3600 4166 4819 4804 4662 4356 4325 3723 2869 2258 1791  708    0                      48157
              MEAN                    1   30   80   92  120  139  161  160  155  145  144  124   96   75   60   24    0                       1605
              MAX                     8  135  231  275  300  315  327  337  332  332  330  317  294  268  220  100    0                       3398
                N                    30   30   30   30   30   30   30   30   30   30   30   30   30   30   30   30   30                         30
              NOTE                                                                                                                                
                                                                                                                                                  
                   *): WITH MISSING DATA; TOTAL,MEAN,MAXIMUM ESTIMATED                                                                            
                                                                                                                                                  
                                                                                                                                                  
                                                                                                                                                  
