                                                                                                                                                  
                                                                                                                                                  
                                                                ******************************                                                    
                                                                  DIRECT SOLAR RADIATION (2)                                                      
                                                                ******************************                                                    
                                                                                                                  COUNTRY = JAPAN                 
                                                                                                                                                  
                                                                     SCALE = WRR                                                                  
                                                                     UNIT  = 0.01 MJ/m**2                                                         
                        STATION    : Abashiri                                                                                                     
                        STATION NO.: 47409                                                                                                        
                        LOCATION   : 144ﾟ17' E                                                                                                    
                                      44ﾟ01' N                                                                                                    
                        ALTITUDE   :   37.6  m                                                                                                    
                        YEAR/MONTH : 2021/06                                                                                                      
                                                                                                                                                  
              DATE   -01  -02  -03  -04  -05  -06  -07  -08  -09  -10  -11  -12  -13  -14  -15  -16  -17  -18  -19  -20  -21  -22  -23  -24  TOTAL
                                                                                                                                                  
               6 1   ...  ...  ...    0    0   30  104  160  131  279  326  332  330  323  309  294  264  201   70  ...  ...  ...  ...  ...   3153
               6 2   ...  ...  ...    5  112  216  264  279  291  318  173   58   10   31    0   15  182   78    2  ...  ...  ...  ...  ...   2034
               6 3   ...  ...  ...    0    1   43   47  132  291  304  293  301  252  193   87   26   28    0    0    0  ...  ...  ...  ...   1998
               6 4   ...  ...  ...    0    0    0    0    0    0    0    0    0    0    0    0    0    0    0    0    0  ...  ...  ...  ...      0
               6 5   ...  ...  ...    0  130  242  288  312  326  332  333  335  329  313  102   43   46   90   36    0  ...  ...  ...  ...   3257
               6 6   ...  ...  ...    4   61   50   82  265  285  311  291  302  273  146  152   78  151   41    0    0  ...  ...  ...  ...   2492
               6 7   ...  ...  ...    2   10   36    7    5  147  215  261  309  325  318  304  279  245  190   78    0  ...  ...  ...  ...   2731
               6 8   ...  ...  ...    0   44   43   85   18   33    5    0    0    0    0    0    0    0    0    0    0  ...  ...  ...  ...    228
               6 9   ...  ...  ...    0   99  231  284  311  327  335  338  332  323  315  304  186  191  163   54    0  ...  ...  ...  ...   3793
               610   ...  ...  ...   10  118  197  241  267  283  291  280  285  281  291  276  254  206   60   24    0  ...  ...  ...  ...   3364
               611   ...  ...  ...    1    6   70  162  173  169  261  244  264  255  208   27   16   70   90    2    0  ...  ...  ...  ...   2018
               612   ...  ...  ...    0    0   12   11    3    5   12    7   25    0    0  141  213  235  146    4    0  ...  ...  ...  ...    814
               613   ...  ...  ...    7  116  210  256  286  296  280  302  288  152  220  186  213   77  159   59    0  ...  ...  ...  ...   3107
               614   ...  ...  ...    0    0    0    0    0    0    0    0   35   77    1    0    0    0    0    0    0  ...  ...  ...  ...    113
               615   ...  ...  ...    0    0    0    0    0    0    0    0    0    0    0    0    0    0    0    0    0  ...  ...  ...  ...      0
               616   ...  ...  ...    0    0    0    0    0    1    7  270  248  303  301  294  270  234  176   72    0  ...  ...  ...  ...   2176
               617   ...  ...  ...    2   26    1    4    7   22    1   32  118  174  210  313  311  284  230  113    0  ...  ...  ...  ...   1848
               618   ...  ...  ...   11  144  241  286  310  326  336  344  347  347  342  330  313  286  237  117    0  ...  ...  ...  ...   4317
               619   ...  ...  ...    0    0    0    0    0    0    0    1    2  213   29    0    0    0    0    0    0  ...  ...  ...  ...    245
               620   ...  ...  ...    0    0    1    0    2    1    1    0    2    0    0    3    0    0    0    0    0  ...  ...  ...  ...     10
               621   ...  ...  ...    0    0    0    0    0    0    2    2  176  331  327  316  298  262  208  105    0  ...  ...  ...  ...   2027
               622   ...  ...  ...    6  103  167  245  125   98  279  314  329  295  286  200  133    6  122  105    0  ...  ...  ...  ...   2813
               623   ...  ...  ...    9  125  219  269  296  311  320  326  328  326  321  309  287  252  174   42    0  ...  ...  ...  ...   3914
               624   ...  ...  ...    7   57  193  215  100   74   23    7   70   49   39   46  207   65  121    1    0  ...  ...  ...  ...   1274
               625   ...  ...  ...    0    7  120  224   51  137  303  315  309  167  119  129  232  212  133   52    0  ...  ...  ...  ...   2510
               626   ...  ...  ...    5  104  198  250  280  295  293  297  296  283  250  215  116   16   39   38    0  ...  ...  ...  ...   2975
               627   ...  ...  ...    0   27   69  220  260  282  294  254  271  301  240  257   83  104   47   26    0  ...  ...  ...  ...   2735
               628   ...  ...  ...    3   68  163  206  236  258  266  275  284  285  239    2    1    0    0    0    0  ...  ...  ...  ...   2286
               629   ...  ...  ...    0    0    0    0    0    0    0    0    1    3   43  154   69   61   30    4    0  ...  ...  ...  ...    365
               630   ...  ...  ...    0    0    0    0    0    0    0    0    0    0    0    1    0    0    0    0    0  ...  ...  ...  ...      1
              ------------------------------------------------------------------------------------------------------------------------------------
              TOTAL                  72 1358 2752 3750 3878 4389 5068 5285 5647 5684 5105 4457 3937 3477 2735 1004    0                      58598
              MEAN                    2   45   92  125  129  146  169  176  188  189  170  149  131  116   91   33    0                       1953
              MAX                    11  144  242  288  312  327  336  344  347  347  342  330  313  286  237  117    0                       4317
                N                    30   30   30   30   30   30   30   30   30   30   30   30   30   30   30   30   30                         30
              NOTE                                                                                                                                
                                                                                                                                                  
                   *): WITH MISSING DATA; TOTAL,MEAN,MAXIMUM ESTIMATED                                                                            
                                                                                                                                                  
                                                                                                                                                  
                                                                                                                                                  
