                                                                                                                                                  
                                                                                                                                                  
                                                                ******************************                                                    
                                                                  DIRECT SOLAR RADIATION (2)                                                      
                                                                ******************************                                                    
                                                                                                                  COUNTRY = JAPAN                 
                                                                                                                                                  
                                                                     SCALE = WRR                                                                  
                                                                     UNIT  = 0.01 MJ/m**2                                                         
                        STATION    : Abashiri                                                                                                     
                        STATION NO.: 47409                                                                                                        
                        LOCATION   : 144ﾟ17' E                                                                                                    
                                      44ﾟ01' N                                                                                                    
                        ALTITUDE   :   37.6  m                                                                                                    
                        YEAR/MONTH : 2022/06                                                                                                      
                                                                                                                                                  
              DATE   -01  -02  -03  -04  -05  -06  -07  -08  -09  -10  -11  -12  -13  -14  -15  -16  -17  -18  -19  -20  -21  -22  -23  -24  TOTAL
                                                                                                                                                  
               6 1   ...  ...  ...    0    0    0    0    4    0    0   11   18    1    0   17   10    0    2    0  ...  ...  ...  ...  ...     63
               6 2   ...  ...  ...    0    0    0    0    0    0    0    6    4    5   41  244   54   64    0    0  ...  ...  ...  ...  ...    418
               6 3   ...  ...  ...    0    0    0    0    0    0    0    0    0    0    0    0    0    0    0    0    0  ...  ...  ...  ...      0
               6 4   ...  ...  ...    0    0    0    0    0    0    0    0    0    0    0    0    0    0    0    0    0  ...  ...  ...  ...      0
               6 5   ...  ...  ...    0    0    0    0    0    0    0    0    0    0    0    0    0    0    0    0    0  ...  ...  ...  ...      0
               6 6   ...  ...  ...    0    0    0    0    0    0    0    0    1    4    2    1    0    0    0    0    0  ...  ...  ...  ...      8
               6 7   ...  ...  ...    0    0    0    0    0    0    0    0    0    0    0    0    0    0    0    0    0  ...  ...  ...  ...      0
               6 8   ...  ...  ...    0    0    0    0    0    0    0    0    1    8    9   12    1    0    0    0    0  ...  ...  ...  ...     31
               6 9   ...  ...  ...    0    0    0    0    0    0    0    0    0  208  298  115    6   40   20    7    0  ...  ...  ...  ...    694
               610   ...  ...  ...    0    0    0    0  107  190  169  267  304  203  291  175   96   41   11    1    0  ...  ...  ...  ...   1855
               611   ...  ...  ...    0    0    0    2  121  288  201  225  291  240   98    0    0    0    0    0    0  ...  ...  ...  ...   1466
               612   ...  ...  ...    0    0    0    0    5    2    0    0    2    8    6    0    0    0    0    0    0  ...  ...  ...  ...     23
               613   ...  ...  ...    0    0    0    0    0    0    0    0    3   38    1   27   73    7    0    0    0  ...  ...  ...  ...    149
               614   ...  ...  ...    0    0    0    0   18    6   32   53  234  244  330  328  312  281  210   87    0  ...  ...  ...  ...   2135
               615   ...  ...  ...   12  139  238  293  323  339  345  348  346  331  309  215  132   21   83    1    0  ...  ...  ...  ...   3475
               616   ...  ...  ...    0    0    0    0    0    0    0    1    1    6    0    1    0   13   32    0    0  ...  ...  ...  ...     54
               617   ...  ...  ...    0    0    0    0    0    0    3    0   21  207   77   57  117  148  162   42    0  ...  ...  ...  ...    834
               618   ...  ...  ...    0   23    2    4   92  261  284  302  229  232  159   24    0    1    0    1    0  ...  ...  ...  ...   1614
               619   ...  ...  ...    2    2   31    8  135  155  192  295  193   64    1    0    0    0    4    0    0  ...  ...  ...  ...   1082
               620   ...  ...  ...    0    0    2    0    6   94  118  116   45    0    0    0    0    0    0    0    0  ...  ...  ...  ...    381
               621   ...  ...  ...    0    0    0    0    0    2    0    0    0    0    0    0    0    0    0    0    0  ...  ...  ...  ...      2
               622   ...  ...  ...    0    0    0    0    0    0    3    1    1    4   10    0    1    2   22    0    0  ...  ...  ...  ...     44
               623   ...  ...  ...    6   41   43    1    6   18   10    2   10    1    0    0    0    0    0    0    0  ...  ...  ...  ...    138
               624   ...  ...  ...    0    0    0    0    0    0    0    0    0    0    0    0    0    0    0    0    0  ...  ...  ...  ...      0
               625   ...  ...  ...    5   25   36  204  230  299  316  284  255  219  219  211  129  218  116   46    0  ...  ...  ...  ...   2812
               626   ...  ...  ...    7  118  225  272  296  313  315  313  307  295  193  230  240  107   29    0    0  ...  ...  ...  ...   3260
               627   ...  ...  ...    0    0    0    0    0    0    0    1    0    0    0    0    0    0    0    0    0  ...  ...  ...  ...      1
               628   ...  ...  ...    0    0    3    2    8  153   84   25   49    1    0    0    0    0    0    0    0  ...  ...  ...  ...    325
               629   ...  ...  ...    0    0    0    0    0    0    0    0    0    0    0    0    0    0    0    0    0  ...  ...  ...  ...      0
               630   ...  ...  ...    0    0    0    0    0    0    0   15   16  100  324   75    3    0    0    0    0  ...  ...  ...  ...    533
              ------------------------------------------------------------------------------------------------------------------------------------
              TOTAL                  32  348  580  786 1351 2120 2072 2265 2331 2419 2368 1732 1174  943  691  185    0                      21397
              MEAN                    1   12   19   26   45   71   69   76   78   81   79   58   39   31   23    6    0                        713
              MAX                    12  139  238  293  323  339  345  348  346  331  330  328  312  281  210   87    0                       3475
                N                    30   30   30   30   30   30   30   30   30   30   30   30   30   30   30   30   30                         30
              NOTE                                                                                                                                
                                                                                                                                                  
                   *): WITH MISSING DATA; TOTAL,MEAN,MAXIMUM ESTIMATED                                                                            
                                                                                                                                                  
                                                                                                                                                  
                                                                                                                                                  
