                                                                                                                                                  
                                                                                                                                                  
                                                                ******************************                                                    
                                                                  DIRECT SOLAR RADIATION (2)                                                      
                                                                ******************************                                                    
                                                                                                                  COUNTRY = JAPAN                 
                                                                                                                                                  
                                                                     SCALE = WRR                                                                  
                                                                     UNIT  = 0.01 MJ/m**2                                                         
                        STATION    : Abashiri                                                                                                     
                        STATION NO.: 47409                                                                                                        
                        LOCATION   : 144ﾟ17' E                                                                                                    
                                      44ﾟ01' N                                                                                                    
                        ALTITUDE   :   37.6  m                                                                                                    
                        YEAR/MONTH : 2021/07                                                                                                      
                                                                                                                                                  
              DATE   -01  -02  -03  -04  -05  -06  -07  -08  -09  -10  -11  -12  -13  -14  -15  -16  -17  -18  -19  -20  -21  -22  -23  -24  TOTAL
                                                                                                                                                  
               7 1   ...  ...  ...    0   46  173  223  263  277  305  267   80  295  308  223  231   16    2    2    0  ...  ...  ...  ...   2711
               7 2   ...  ...  ...    0   22   80   17  210  185   67  151  200   45  120  259  101  146   76    1    0  ...  ...  ...  ...   1680
               7 3   ...  ...  ...    0   23    6  159   25   82   31   73  183  166    8    2    0    0    0    0    0  ...  ...  ...  ...    758
               7 4   ...  ...  ...    0    0    0    2  114    1    0    8   53  239  210  100   17    1    0    1    0  ...  ...  ...  ...    746
               7 5   ...  ...  ...    0    0    1    0    0    0    0    0    0    0    0    0    0    0    0    0    0  ...  ...  ...  ...      1
               7 6   ...  ...  ...    0   74   80    4   56    6   53  325  310  129   13    8    4    5    5   14    0  ...  ...  ...  ...   1086
               7 7   ...  ...  ...    0    0    0   49   17   46   78  140  106   71   25  136  267  129  144   42    0  ...  ...  ...  ...   1250
               7 8   ...  ...  ...    0    0    0    2   35   17    0    1    9   24    5   12   58    2   42    0    0  ...  ...  ...  ...    207
               7 9   ...  ...  ...    1    0    0    0    6  119   44   59  170  193  243  162  208  153   97   51    0  ...  ...  ...  ...   1506
               710   ...  ...  ...    2   13   62   87  158   49   96  178  296  262  306  252  186  131    0    0    0  ...  ...  ...  ...   2078
               711   ...  ...  ...    0    0    3  233  278  282  210  285  287  152   36  158   23    6   52   18    0  ...  ...  ...  ...   2023
               712   ...  ...  ...    0   17    4   41    1    0    0    3  133  121   84  262  250    1    0    0    0  ...  ...  ...  ...    917
               713   ...  ...  ...    0   66  165  209   38    1   79  283  306  297  282  277  255  215   81   50    0  ...  ...  ...  ...   2604
               714   ...  ...  ...    0   93  190  246  281  297  304  314  318  322  319  310  291  260  199   56    0  ...  ...  ...  ...   3800
               715   ...  ...  ...    0   79  188  211  226  283  297  296  312  306  290  267  279  217  167   49    0  ...  ...  ...  ...   3467
               716   ...  ...  ...    0   21  136  138  222  267  171  210  239  137  200  265  230  172   87   10    0  ...  ...  ...  ...   2505
               717   ...  ...  ...    0   42   84  110  206  243  249  299  305  301  299  277  210  105   94   47    0  ...  ...  ...  ...   2871
               718   ...  ...  ...    0   77  186  249  292  309  310  312  293  253  281  277  246  150    0    6    0  ...  ...  ...  ...   3241
               719   ...  ...  ...    0   13   63  123  197  213  157  195  250  257  200  178    5   11    0    0    0  ...  ...  ...  ...   1862
               720   ...  ...  ...    0    9  112  186  199   87   70  128   12  122   31    0    0    0    0    0  ...  ...  ...  ...  ...    956
               721   ...  ...  ...    0    0    0    0    0    0    1    0    0    0    0    0    0    0    0    0  ...  ...  ...  ...  ...      1
               722   ...  ...  ...  ...    0    0    0    0    0    2  153  124   93   17    1    0    0    0    0  ...  ...  ...  ...  ...    390
               723   ...  ...  ...  ...    7    6    9   90  188  212  222  208  233  224  198  183  128   44    6  ...  ...  ...  ...  ...   1958
               724   ...  ...  ...  ...    4   78  148  188  210  222  244  236  239  243  227  197  157   93   14  ...  ...  ...  ...  ...   2500
               725   ...  ...  ...  ...   16   83  145  195  225  249  261  269  269  263  252  236  199  132   27  ...  ...  ...  ...  ...   2821
               726   ...  ...  ...  ...   67  182  251  284  301  310  315  310  304  305  296  269  231  167   48  ...  ...  ...  ...  ...   3640
               727   ...  ...  ...  ...   95  212  266  288  239  310  324  214  248  191    4  111   30    0   22  ...  ...  ...  ...  ...   2554
               728   ...  ...  ...  ...   98  218  272  302  318  322  324  325  327  320  305  289  256  200   65  ...  ...  ...  ...  ...   3941
               729   ...  ...  ...  ...   52  185  244  269  172  176   70  152  151  260  265  271  239  175   46  ...  ...  ...  ...  ...   2727
               730   ...  ...  ...  ...   65  191  251  282  233  242  270  216  196  120  286  273  236  142   15  ...  ...  ...  ...  ...   3018
               731   ...  ...  ...  ...   55  174  242  277  297  260  290  317  316  311  300  286  253  191   52  ...  ...  ...  ...  ...   3621
              ------------------------------------------------------------------------------------------------------------------------------------
              TOTAL                   3 1054 2862 4117 4999 4947 4827 6000 6233 6068 5514 5559 4976 3449 2190  642    0                      63440
              MEAN                    0   34   92  133  161  160  156  194  201  196  178  179  161  111   71   21    0                       2046
              MAX                     2   98  218  272  302  318  322  325  325  327  320  310  291  260  200   65    0                       3941
                N                    31   31   31   31   31   31   31   31   31   31   31   31   31   31   31   31   31                         31
              NOTE                                                                                                                                
                                                                                                                                                  
                   *): WITH MISSING DATA; TOTAL,MEAN,MAXIMUM ESTIMATED                                                                            
                                                                                                                                                  
                                                                                                                                                  
