                                                                                                                                                  
                                                                                                                                                  
                                                                ******************************                                                    
                                                                  DIRECT SOLAR RADIATION (2)                                                      
                                                                ******************************                                                    
                                                                                                                  COUNTRY = JAPAN                 
                                                                                                                                                  
                                                                     SCALE = WRR                                                                  
                                                                     UNIT  = 0.01 MJ/m**2                                                         
                        STATION    : Abashiri                                                                                                     
                        STATION NO.: 47409                                                                                                        
                        LOCATION   : 144ﾟ17' E                                                                                                    
                                      44ﾟ01' N                                                                                                    
                        ALTITUDE   :   37.6  m                                                                                                    
                        YEAR/MONTH : 2022/07                                                                                                      
                                                                                                                                                  
              DATE   -01  -02  -03  -04  -05  -06  -07  -08  -09  -10  -11  -12  -13  -14  -15  -16  -17  -18  -19  -20  -21  -22  -23  -24  TOTAL
                                                                                                                                                  
               7 1   ...  ...  ...    0    0    0   21   77   30  152  283  308  273   68  131   91   12    0    6    0  ...  ...  ...  ...   1452
               7 2   ...  ...  ...    3  101  198  250  282  303  315  322  326  324  319  303  272  212   73   18    0  ...  ...  ...  ...   3621
               7 3   ...  ...  ...    0   34   35   60   57  113  164   59   76  194  250  189  123  141   76   41    0  ...  ...  ...  ...   1612
               7 4   ...  ...  ...    0    2    0   23  130  289  273  313  301  246  125    0    0    0    0    0    0  ...  ...  ...  ...   1702
               7 5   ...  ...  ...    0    0    0    0    0    0    0    0    1    4   12  238  220   14    0    0    0  ...  ...  ...  ...    489
               7 6   ...  ...  ...    0    0    0    0    0    0    1  121  161    2  180  286  268  237  183   63    0  ...  ...  ...  ...   1502
               7 7   ...  ...  ...    2  102  211  256  271  292  315  314  295  314  317  290  269  248  194   93    0  ...  ...  ...  ...   3783
               7 8   ...  ...  ...    3  122  228  279  305  321  331  324  310  332  324  311  294  265  214  109    0  ...  ...  ...  ...   4072
               7 9   ...  ...  ...    3   84   49  196  227  161   72   37   95   30   10   52   46   12    1    0    0  ...  ...  ...  ...   1075
               710   ...  ...  ...    0    2    1    0   39    0   67   36    1    0   78   62  101  136  200   79    0  ...  ...  ...  ...    802
               711   ...  ...  ...    1   24   67   90  224  211    1  178   75   69   50    0    0    1    0    0    0  ...  ...  ...  ...    991
               712   ...  ...  ...    1    1    0    0    0   37   55   43  152  250  246  174  167   23   65    7    0  ...  ...  ...  ...   1221
               713   ...  ...  ...    0   50  165   39    7   63  159  210  279  204   47    2    0    0    0    0    0  ...  ...  ...  ...   1225
               714   ...  ...  ...    0    0    0    0    0  115   71  166  125  153  140   45   60   21    0    0    0  ...  ...  ...  ...    896
               715   ...  ...  ...    0   76  191  247  276  295  300  312  317  318  312  301  281  248   75    3    0  ...  ...  ...  ...   3552
               716   ...  ...  ...    0   35  135  239  168  275  154   71    4    0    0    0    0    0    0    0    0  ...  ...  ...  ...   1081
               717   ...  ...  ...    0    0    0    0    0    0    0    0    0    1    0    0    0    0    0    0    0  ...  ...  ...  ...      1
               718   ...  ...  ...    0   50   66  166  295  302  325  317  328  230  215  247    7    0    0    0    0  ...  ...  ...  ...   2548
               719   ...  ...  ...    0    0   26  153  184   48  137   91   58  215  297  291  259  218   52    0    0  ...  ...  ...  ...   2029
               720   ...  ...  ...    0    0    0    0    0    0    0    0    0    0    0    0    0    0    0    0  ...  ...  ...  ...  ...      0
               721   ...  ...  ...    0    0    0    4    0    0    4   11   14  134    5  192  284  243  136   18  ...  ...  ...  ...  ...   1045
               722   ...  ...  ...  ...    0    0    0    2    0    3  248  218  118   23    5    2    0    0    1  ...  ...  ...  ...  ...    620
               723   ...  ...  ...  ...    0    0    0    0    0    0    0    0    0    0    0    0    0    0    0  ...  ...  ...  ...  ...      0
               724   ...  ...  ...  ...    0    0    0    0    0    0    0    0    0    0    0    0    0    0    0  ...  ...  ...  ...  ...      0
               725   ...  ...  ...  ...    0    0    0    0    0    1    1  175  314  265  314  297   88   85   57  ...  ...  ...  ...  ...   1597
               726   ...  ...  ...  ...   65  198  257  290  308  320  325  328  328  321  300  250   45    8    0  ...  ...  ...  ...  ...   3343
               727   ...  ...  ...  ...   27    5   12  128  184   32   99  140  166  275  261  199   45    0    1  ...  ...  ...  ...  ...   1574
               728   ...  ...  ...  ...    0    0    0    0    0    0    2    3   95  127   23   14    0    0    0  ...  ...  ...  ...  ...    264
               729   ...  ...  ...  ...    0    0    0    0    0    0    1    0    0   26   57   34   11    7    2  ...  ...  ...  ...  ...    138
               730   ...  ...  ...  ...    5   59  147  177  228  229  278  285  285  276  266  237  184  116   22  ...  ...  ...  ...  ...   2794
               731   ...  ...  ...  ...    3    6   68  155  160   16    1   12  184   82   13    0   11    0    0  ...  ...  ...  ...  ...    711
              ------------------------------------------------------------------------------------------------------------------------------------
              TOTAL                  13  783 1640 2507 3294 3735 3497 4163 4387 4783 4390 4353 3775 2415 1485  520    0                      45740
              MEAN                    0   25   53   81  106  120  113  134  142  154  142  140  122   78   48   17    0                       1475
              MAX                     3  122  228  279  305  321  331  325  328  332  324  314  297  265  214  109    0                       4072
                N                    31   31   31   31   31   31   31   31   31   31   31   31   31   31   31   31   31                         31
              NOTE                                                                                                                                
                                                                                                                                                  
                   *): WITH MISSING DATA; TOTAL,MEAN,MAXIMUM ESTIMATED                                                                            
                                                                                                                                                  
                                                                                                                                                  
