                                                                                                                                                  
                                                                                                                                                  
                                                                ******************************                                                    
                                                                  DIRECT SOLAR RADIATION (2)                                                      
                                                                ******************************                                                    
                                                                                                                  COUNTRY = JAPAN                 
                                                                                                                                                  
                                                                     SCALE = WRR                                                                  
                                                                     UNIT  = 0.01 MJ/m**2                                                         
                        STATION    : Abashiri                                                                                                     
                        STATION NO.: 47409                                                                                                        
                        LOCATION   : 144ﾟ17' E                                                                                                    
                                      44ﾟ01' N                                                                                                    
                        ALTITUDE   :   37.6  m                                                                                                    
                        YEAR/MONTH : 2024/06                                                                                                      
                                                                                                                                                  
              DATE   -01  -02  -03  -04  -05  -06  -07  -08  -09  -10  -11  -12  -13  -14  -15  -16  -17  -18  -19  -20  -21  -22  -23  -24  TOTAL
                                                                                                                                                  
               6 1   ...  ...  ...    7   99  237  285  306  318  329  339  341  334  335  327  308  276  217   83  ...  ...  ...  ...  ...   4141
               6 2   ...  ...  ...   12   94  209  265  293  272  306  327  332  283  248  260  239  255  192   60  ...  ...  ...  ...  ...   3647
               6 3   ...  ...  ...    3  103  222  273  301  317  311  240  277  116   75   42    2   56   19    4    0  ...  ...  ...  ...   2361
               6 4   ...  ...  ...    1   81   38   25   16   17    6   46   19   25   48   18   28    2   14   34    0  ...  ...  ...  ...    418
               6 5   ...  ...  ...    0    0    1    0    0    0    0    1    0    0    0    0    0    0    0    0    0  ...  ...  ...  ...      2
               6 6   ...  ...  ...    0    0    0    0    1    1   38  164  102   34   54  312  289  238   36   22    0  ...  ...  ...  ...   1291
               6 7   ...  ...  ...    7  123  223  275  304  318  325  332  334  330  323  310  292  255  133   15    0  ...  ...  ...  ...   3899
               6 8   ...  ...  ...    3   69  137  206  171  250  268  246  265  276  278  270  236  185   58    2    0  ...  ...  ...  ...   2920
               6 9   ...  ...  ...    0    1   43  129   17   36   30   12   32   34   25   30  107  149    2    0    0  ...  ...  ...  ...    647
               610   ...  ...  ...    0    2   16   51  125   33    0    0    0    0    0    0    7  163   52    0    0  ...  ...  ...  ...    449
               611   ...  ...  ...    0   21    7   10   22   95   42   57   16  154   70  197  217   65    2    0    0  ...  ...  ...  ...    975
               612   ...  ...  ...    0    2   17  210  261  265  276  263  187   89    7  160  158   90   83   15    0  ...  ...  ...  ...   2083
               613   ...  ...  ...    0    1    1    0    0    0    0    0    0    0    0    0    0    0    0    0    0  ...  ...  ...  ...      2
               614   ...  ...  ...    0    0    0    0    0    0    0    0    0    0    1    2    0    0    0    0    0  ...  ...  ...  ...      3
               615   ...  ...  ...    0   36  120  178  220  252  272  280  288  279  265  251  223  132   54    8    0  ...  ...  ...  ...   2858
               616   ...  ...  ...    2   66  131  106   51   24    2  195  194  247  147  221  218   50    0    0    0  ...  ...  ...  ...   1654
               617   ...  ...  ...    0   95  203  253  130  306  290  106   27  XXX  211  152  123  194  155   35    0  ...  ...  ...  ...  2280
               618   ...  ...  ...    0   22   17    0   71  105   28  104   58   16  122   47    1    8    2    1    0  ...  ...  ...  ...    602
               619   ...  ...  ...    0    0    0    0    0    4   24   51   15   30   71   40  183   39    1    0    0  ...  ...  ...  ...    458
               620   ...  ...  ...   10   32    0    2    1    5    0    0    0    0    0    0    0    0    0    0    0  ...  ...  ...  ...     50
               621   ...  ...  ...    0    0    1    2   13    2    1    0    0    0    0    0    0    0    0    0    0  ...  ...  ...  ...     19
               622   ...  ...  ...    0    0    0    0    0    0    0    0    0    0    0    0    0    0    0    0    0  ...  ...  ...  ...      0
               623   ...  ...  ...    0    0    0    0    0    0    0    0    0    0    0    0    0    0    0    0    0  ...  ...  ...  ...      0
               624   ...  ...  ...    0    0    0    0    0    0    0    0    0    0    0    0    0    0    0    0    0  ...  ...  ...  ...      0
               625   ...  ...  ...    0   13   18   68  161  168  229  242  250   96    1  101    0    0    0    0    0  ...  ...  ...  ...   1347
               626   ...  ...  ...    0    0   15    0    6   51    1  100  217  308  276  292  281  244  189   87    0  ...  ...  ...  ...   2067
               627   ...  ...  ...    5  113  210  263  289  305  313  317  311  292  304   91   40    0   25   12    0  ...  ...  ...  ...   2890
               628   ...  ...  ...    7   36    3  108  275  296  306  297  294  314  301  293  272  235  170   67    0  ...  ...  ...  ...   3274
               629   ...  ...  ...    2   81  177  239  270  288  299  301  302  290  276  258  238  203  143   50    0  ...  ...  ...  ...   3417
               630   ...  ...  ...    2   74  171  219  244  284  299  302  261  277  237  144   67   10   13    0    0  ...  ...  ...  ...   2604
              ------------------------------------------------------------------------------------------------------------------------------------
              MEAN                    2   39   74  106  118  134  133  144  137  132  123  127  118   95   52   17    0                       1520
              MAX                    12  123  237  285  306  318  329  339  341  334  335  327  308  276  217   87    0                       4141
                N                    30   30   30   30   30   30   30   30   30   29   30   30   30   30   30   30   30                         29
              NOTE                                                                *)                                                            *)
                                                                                                                                                  
                   XXX,XXXX: MISSING DATA                                                                                                         
                         *): WITH MISSING DATA; MEAN,MAXIMUM ESTIMATED                                                                            
                         *]: TOO MANY MISSING DATA FOR USE OF STATISTICS                                                                          
                                                                                                                                                  
                                                                                                                                                  
