                                                                                                                                                  
                                                                                                                                                  
                                                                ******************************                                                    
                                                                  DIRECT SOLAR RADIATION (2)                                                      
                                                                ******************************                                                    
                                                                                                                  COUNTRY = JAPAN                 
                                                                                                                                                  
                                                                     SCALE = WRR                                                                  
                                                                     UNIT  = 0.01 MJ/m**2                                                         
                        STATION    : Abashiri                                                                                                     
                        STATION NO.: 47409                                                                                                        
                        LOCATION   : 144ﾟ17' E                                                                                                    
                                      44ﾟ01' N                                                                                                    
                        ALTITUDE   :   37.6  m                                                                                                    
                        YEAR/MONTH : 2023/07                                                                                                      
                                                                                                                                                  
              DATE   -01  -02  -03  -04  -05  -06  -07  -08  -09  -10  -11  -12  -13  -14  -15  -16  -17  -18  -19  -20  -21  -22  -23  -24  TOTAL
                                                                                                                                                  
               7 1   ...  ...  ...    0    0    0    0    0    0    0    0    0    0    0    0    0    0    0    0    0  ...  ...  ...  ...      0
               7 2   ...  ...  ...    0    0    0    0    0    0    0    0    3   24  237  225  152   17    0    0    0  ...  ...  ...  ...    658
               7 3   ...  ...  ...    0   13   10   29   18   64    6   55    2   11    0    0    0    0    0    0    0  ...  ...  ...  ...    208
               7 4   ...  ...  ...    0    0    0    0    0    2   22  137  281  326  323  306  280  217   81    0    0  ...  ...  ...  ...   1975
               7 5   ...  ...  ...    0    0    0    0    0    0    9    2   41    2    0    0    0    0    0    0    0  ...  ...  ...  ...     54
               7 6   ...  ...  ...    0    2    0    0    0    0    0    4   14    2   12  161  261  222  155   19    0  ...  ...  ...  ...    852
               7 7   ...  ...  ...    0    0   25   23   26  144  307  304  184  277  286  277  254  197    4   17    0  ...  ...  ...  ...   2325
               7 8   ...  ...  ...    0   18   41   43   69  162  187  101   78  125  286  274  240  190  125   29    0  ...  ...  ...  ...   1968
               7 9   ...  ...  ...    0   38  136  200  210  176  209  253  284  275  189  101    0    0    0    1    0  ...  ...  ...  ...   2072
               710   ...  ...  ...    0   35  116  193  219  126  101   78  245   46  189  171  209  189  118   25    0  ...  ...  ...  ...   2060
               711   ...  ...  ...    0    1    2    5   41  152  150  215    1   29    4   13   23    0    0    0    0  ...  ...  ...  ...    636
               712   ...  ...  ...    0   17   41  101  235  156   47    2    0    0    0    0    0    0    0    0    0  ...  ...  ...  ...    599
               713   ...  ...  ...    0    0    0    0    0    1   81  106   90    4    0    0    0    0    0    0    0  ...  ...  ...  ...    282
               714   ...  ...  ...    0    0    0    0    0    0    0    0    0    0    0    0    0    0    0    0    0  ...  ...  ...  ...      0
               715   ...  ...  ...    0    0    0    0    0    0    0    0    6    0    0    0    0    0    0    0    0  ...  ...  ...  ...      6
               716   ...  ...  ...    0    0    0    0    0    0    1    3   27    1    0    0    0    0    0    0    0  ...  ...  ...  ...     32
               717   ...  ...  ...    0    0    0    0    0    0    0    0    0    0    0    0    2    0    0    0    0  ...  ...  ...  ...      2
               718   ...  ...  ...    0    0    0    0    0    0    0    0    0    3    3    2    1    0    0    0    0  ...  ...  ...  ...      9
               719   ...  ...  ...    0    0    0    0    0    0    0    6   40  130  234  250  172   14   10    0    0  ...  ...  ...  ...    856
               720   ...  ...  ...    0    0    0    0    0    0   34  184   23   11  169   53    1    0   33   24    0  ...  ...  ...  ...    532
               721   ...  ...  ...    0   21   82  142  183  208  216  223  223  201  205  177  153  121   71   10  ...  ...  ...  ...  ...   2236
               722   ...  ...  ...    0    9   60  112  154  189  208  222  236  235  195  209  171  134   64    8  ...  ...  ...  ...  ...   2206
               723   ...  ...  ...  ...    1   43   73   69  112  115  185  183  186  276  274   85  166  120   22  ...  ...  ...  ...  ...   1910
               724   ...  ...  ...  ...    0    0    0    0    5   53   45   22    7    0    0    0    0    0    0  ...  ...  ...  ...  ...    132
               725   ...  ...  ...  ...    0    0    1   43  103  147  147  119   17    4  151  191   39   22   45  ...  ...  ...  ...  ...   1029
               726   ...  ...  ...  ...   37  148  220  255  270  281  287  216  234  283  274  237  170  134   28  ...  ...  ...  ...  ...   3074
               727   ...  ...  ...  ...   22   85  166  174  188  224  245  213  236  217  181   99   49   30   15  ...  ...  ...  ...  ...   2144
               728   ...  ...  ...  ...   17  106  182  213  240  261  274  277  272  259  240  220  174   64    7  ...  ...  ...  ...  ...   2806
               729   ...  ...  ...  ...   16  143  198  232   23   66   91   73   49   59   66   33    9   40    5  ...  ...  ...  ...  ...   1103
               730   ...  ...  ...  ...    0    0    0    1    1    0    0   10    0    6    0    0    0    0    0  ...  ...  ...  ...  ...     18
               731   ...  ...  ...  ...    0    0    0    0    0    4   10   13    0    0    1    1    0    0    1  ...  ...  ...  ...  ...     30
              ------------------------------------------------------------------------------------------------------------------------------------
              TOTAL                   0  247 1038 1688 2142 2322 2729 3179 2904 2703 3436 3406 2785 1908 1071  256    0                      31814
              MEAN                    0    8   33   54   69   75   88  103   94   87  111  110   90   62   35    8    0                       1026
              MAX                     0   38  148  220  255  270  307  304  284  326  323  306  280  222  155   45    0                       3074
                N                    31   31   31   31   31   31   31   31   31   31   31   31   31   31   31   31   31                         31
              NOTE                                                                                                                                
                                                                                                                                                  
                   *): WITH MISSING DATA; TOTAL,MEAN,MAXIMUM ESTIMATED                                                                            
                                                                                                                                                  
                                                                                                                                                  
