                                                                                                                                                  
                                                                                                                                                  
                                                                *******************************                                                   
                                                                  DOWNWARD LONGWAVE RADIATION                                                     
                                                                *******************************                                                   
                                                                                                                  COUNTRY = JAPAN                 
                                                                                                                                                  
                                                                                                                                                  
                                                                     UNIT  = 0.01 MJ/m**2                                                         
                        STATION    : Abashiri                                                                                                     
                        STATION NO.: 47409                                                                                                        
                        LOCATION   : 144ﾟ17' E                                                                                                    
                                      44ﾟ01' N                                                                                                    
                        ALTITUDE   :   37.6  m                                                                                                    
                        YEAR/MONTH : 2024/04                                                                                                      
                                                                                                                                                  
              DATE   -01  -02  -03  -04  -05  -06  -07  -08  -09  -10  -11  -12  -13  -14  -15  -16  -17  -18  -19  -20  -21  -22  -23  -24  TOTAL
                                                                                                                                                  
               4 1   105  106   88   85   82   82   82   82   83   85  105  105  106  108  111  107  110  105   98   98   88   88   91   91   2291
               4 2    87   87   85   82  102   91   87   92   96   85   91   94  102  105   91   89   94  106  107   98   86   83   82   82   2204
               4 3    82   82   82   82   82   82   82   82   83   85   88   89   93   96   93   87   86   86   86   87   88   89   90   87   2069
               4 4    90   99  102  102   99   93   88   90  106  106  108  109  111  110  110  112  107   88   85   85   85   86   85   85   2341
               4 5    85   85   85   85   84   84   85   87   90   95  102  108  108  103  111  103   92   91   87   87   87   86   85   86   2201
               4 6    96  103  105  106  104   90   87   88   89   91   93   94   95   94   92   92   92   92   92   92   92   93   93   92   2257
               4 7    91   92   94   95   96   95   98  100  104  110  107  104  104  106  105  103  103  102  101  101  100  100  100  103   2414
               4 8   101  100  100   99   98   97   97   97   98  101  108  110  108  109  112  115  117  118  117  116  119  116  118  118   2589
               4 9   126  125  132  130  123  120  118  117  115  114  113  113  113  112  111  110  110  109  108  108  108  109  110  108   2762
               410   106  105  108   97   81   82   82   82   83   86   88   90   94   94   89   88   87   87   86   86   86   86   85   85   2143
               411    84   84   84   83   84   85   86   86   85   87   89   92   97  101  104  109  108  109  114  120  122  123  123  123   2382
               412   123  118  112  123  125  126  125  127  127  127  128  129  130  125  123  123  125  121  110  110  116  123  122  124   2942
               413   116  105  103  103  102  101  101  102  102  104  105  106  108  105  105  106  107  110  111  113  116  107  105  109   2552
               414   119  119  113  103  103  103  104  107  109  126  127  128  130  124  111  110  108  105  105  105  104  103  102  101   2669
               415   100  101   99   98   97   98   99  102  103  104  104  105  105  105  106  107  108  109  110  111  111  110  109  109   2510
               416   108  108  107  105  103  103  104  106  108  109  111  111  110  112  111  110  107  104  103  103  103  103  102  101   2552
               417   101   99   99  101  101  101  103  105  106  109  111  113  114  112  112  112  112  111  110  110  111  112  111  107   2583
               418   110  113  115  117  117  115  110  109  106  112  116  122  121  121  120  121  121  119  118  118  119  118  118  118   2794
               419   117  117  116  116  116  116  116  116  117  117  117  117  117  116  117  117  116  116  116  117  117  117  117  116   2797
               420   116  116  116  116  116  116  116  116  116  117  117  117  118  117  117  117  117  118  118  118  119  118  118  119   2809
               421   118  118  119  119  118  117  118  118  119  120  120  121  120  120  120  119  119  119  118  118  119  119  119  119   2854
               422   118  118  118  118  118  118  118  118  118  118  118  117  117  117  116  116  116  115  116  116  116  116  116  116   2808
               423   115  115  115  115  115  116  116  116  116  116  117  116  117  117  116  116  114  114  116  116  115  116  116  117   2778
               424   116  114  103   90   90   91   92   94   95   96   97   98   99  100  102  105  104  106  108  110  111  112  104  113   2450
               425   119  122  124  125  124  125  125  126  129  129  128  130  131  131  131  132  132  131  128  129  128  129  130  129   3067
               426   128  125  117  120  107  100  105  102  102  106  110  111  112  114  115  116  114  117  116  115  117  116  113  112   2710
               427   113  112  107  106  106  108  109  110  111  112  113  114  113  116  117  118  120  119  122  122  128  122  113  114   2745
               428   116  110  109  109  107  107  108  109  116  125  126  125  124  122  121  116  114  116  116  114  113  113  108  110   2754
               429   106  102   97   93  107  106   94   93   92   91   91   90   90   93  101  104  102  105  110  106  114  114  111  111   2423
               430   113  118  120  119  120  120  120  122  123  124  126  125  124  122  123  118  121  125  126  124  122  120  119  121   2915
              ------------------------------------------------------------------------------------------------------------------------------------
              MEAN   108  107  106  105  104  103  103  103  105  107  109  110  111  111  110  110  109  109  109  108  109  108  107  108   2579
              MAX    128  125  132  130  125  126  125  127  129  129  128  130  131  131  131  132  132  131  128  129  128  129  130  129   3067
                N     30   30   30   30   30   30   30   30   30   30   30   30   30   30   30   30   30   30   30   30   30   30   30   30     30
              NOTE                                                                                                                                
                                                                                                                                                  
                   XXX,XXXX: MISSING DATA                                                                                                         
                         *): WITH MISSING DATA; MEAN,MAXIMUM ESTIMATED                                                                            
                         *]: TOO MANY MISSING DATA FOR USE OF STATISTICS                                                                          
                                                                                                                                                  
                                                                                                                                                  
