                                                                                                                                                  
                                                                                                                                                  
                                                                *******************************                                                   
                                                                  DOWNWARD LONGWAVE RADIATION                                                     
                                                                *******************************                                                   
                                                                                                                  COUNTRY = JAPAN                 
                                                                                                                                                  
                                                                                                                                                  
                                                                     UNIT  = 0.01 MJ/m**2                                                         
                        STATION    : Abashiri                                                                                                     
                        STATION NO.: 47409                                                                                                        
                        LOCATION   : 144ﾟ17' E                                                                                                    
                                      44ﾟ01' N                                                                                                    
                        ALTITUDE   :   37.6  m                                                                                                    
                        YEAR/MONTH : 2023/02                                                                                                      
                                                                                                                                                  
              DATE   -01  -02  -03  -04  -05  -06  -07  -08  -09  -10  -11  -12  -13  -14  -15  -16  -17  -18  -19  -20  -21  -22  -23  -24  TOTAL
                                                                                                                                                  
               2 1    72   75   77   78   75   67   68   72   69   73   72   73   78   74   83   94  101  104  105  105  105  107  107  107   2041
               2 2   107  106  105  104  104  102  102   91   89   97   99   94   96   97   99   95   99  100   79   70   65   66   72   74   2212
               2 3    88   96   96   96   95   72   70   70   67   64   68   82   85   78   94   80   85   79   76   80   81   83   86   81   1952
               2 4    84   87   92   83   88   83   80   89   82   71   68   74   70   71   70   71   70   71   75   74   83   83   71   70   1860
               2 5    71   75   82   82   89   94   90   72   67   68   69   71   77   85   99  101  103  104   80   73   77   88   99   98   2014
               2 6    97   94   76   75   83   93   91   91   85   75   84   85   99  100   88   88   94   76   88   86   76   87   95   97   2103
               2 7    88   87   98  100  100   99   97  100   97   85   79   73   73   87   91   74   76   78   77   72   73   71   73   76   2024
               2 8    70   71   81   78   72   70   70   76   72   77   83   87   84   89   96   85   92   98  100   92   82   79   70   69   1943
               2 9    74   82   76   93   83   84   74   89   98   97   97   92   81   64   65   65   75   69   64   73   76   62   80   82   1895
               210    88   73   87   86   71   62   66   66   68   71   75   78   82   79   75   81   86   85   84   86   85   81   77   83   1875
               211    85   89   96   98   99   92   93   89   77   76   76   77   80   85   82   96   82   82   99   99  102  102  103  104   2163
               212   105   98  102   98   89   86   94   96  102  103  102  103   98  100  102  106  105  103  104   99  102  104  103  102   2406
               213    96  101   95   82   77   95   99  101   98   93   76   75   70   70   70   70   71   76   89   72   72   72   71   73   1964
               214    81   81   86   89   85   87   86   91   94   93   97   98   97   98   96   88   87   88   86   90   87   81   65   60   2091
               215    78   88   79   82   87   75   77   83   63   63   66   62   69   75   73   83   78   77   83   93   97   95   92   76   1894
               216    70   82   77   76   80   63   63   71   73   79   76   86   94   97   97   99  101  101  102  101   96   99  100  101   2084
               217    98   97   99   97   97   94   96   80   77   81   85   90   90   92   97   86   91   87   78   78   77   77   77   78   2099
               218    88   95   87   79   77   77   77   77   77   79   92   97   99  103   84   82   92   88   82   81   87   99   95  100   2094
               219   100   88   82   89   94  100   95   93   91  102  104  104  102   96   98   88   87   94   96  100  101  103  103  103   2313
               220   105  106  108  109  109  109  109  108  107  107  105  104  104  106  105  104  103  102  103  103  100   99   99   93   2507
               221    96   83   71   70   67   64   67   86   82   78   96   78   79   73   65   65   65   65   71   78   70   80   87   90   1826
               222    91   86   79   65   64   63   64   70   67   68   77   78   80   89   95   97   84   82   90   92   88   95   98  100   1962
               223    98   98  102  101  101  101  100   95   77   80   87   91   97   99  104  103  105   98  104  107  108  103   97   83   2339
               224    84   87   78   73   72   72   71   71   72   72   73   74   75   76   86   88   86   95   98   99   94   98  100  103   1997
               225   103   87   92   95  100  100  102   97   90  100  106   94  101   92  102  103  102  102  101   95   96   87   78   69   2294
               226    69   69   68   69   68   70   75   76   74   78   76   77   85   98   83   85   97   81   78   77   89   91   87   83   1903
               227    79   69   71   70   67   64   64   67   71   74   78   81   82   88   89   86   85   83   81   81   80   80   80   80   1850
               228    81   82   81   80   81   82   82   82   83   84   85   88   90   91   92   93   93   92   92   94  100  102  111   99   2140
              ------------------------------------------------------------------------------------------------------------------------------------
              TOTAL 2446 2432 2423 2397 2374 2320 2322 2349 2269 2288 2351 2366 2417 2452 2480 2456 2495 2460 2465 2450 2449 2474 2476 2434  57845
              MEAN    87   87   87   86   85   83   83   84   81   82   84   85   86   88   89   88   89   88   88   88   87   88   88   87   2066
              MAX    107  106  108  109  109  109  109  108  107  107  106  104  104  106  105  106  105  104  105  107  108  107  111  107   2507
                N     28   28   28   28   28   28   28   28   28   28   28   28   28   28   28   28   28   28   28   28   28   28   28   28     28
              NOTE                                                                                                                                
                                                                                                                                                  
                   *): WITH MISSING DATA; TOTAL,MEAN,MAXIMUM ESTIMATED                                                                            
                                                                                                                                                  
                                                                                                                                                  
                                                                                                                                                  
                                                                                                                                                  
                                                                                                                                                  
