                                                                                                                                                  
                                                                                                                                                  
                                                                *******************************                                                   
                                                                  DOWNWARD LONGWAVE RADIATION                                                     
                                                                *******************************                                                   
                                                                                                                  COUNTRY = JAPAN                 
                                                                                                                                                  
                                                                                                                                                  
                                                                     UNIT  = 0.01 MJ/m**2                                                         
                        STATION    : Abashiri                                                                                                     
                        STATION NO.: 47409                                                                                                        
                        LOCATION   : 144ﾟ17' E                                                                                                    
                                      44ﾟ01' N                                                                                                    
                        ALTITUDE   :   37.6  m                                                                                                    
                        YEAR/MONTH : 2021/09                                                                                                      
                                                                                                                                                  
              DATE   -01  -02  -03  -04  -05  -06  -07  -08  -09  -10  -11  -12  -13  -14  -15  -16  -17  -18  -19  -20  -21  -22  -23  -24  TOTAL
                                                                                                                                                  
               9 1   130  117  113  113  113  115  122  129  123  138  137  138  125  116  115  114  117  124  121  120  120  116  116  120   2912
               9 2   121  133  134  120  124  134  134  138  139  137  136  137  135  132  126  115  116  116  116  117  118  133  132  135   3078
               9 3   130  125  125  128  120  116  117  121  118  118  118  119  119  118  118  119  119  120  125  136  134  123  122  123   2931
               9 4   118  118  117  117  119  125  119  119  126  134  133  123  122  122  121  123  132  124  127  123  122  127  121  124   2956
               9 5   118  115  130  130  121  135  122  116  114  114  115  117  115  116  115  114  116  124  127  122  120  119  132  136   2903
               9 6   118  110  111  115  128  114  109  110  114  111  110  110  110  109  109  109  109  108  109  109  109  109  109  110   2669
               9 7   111  112  119  131  125  127  124  131  131  127  124  121  118  133  126  119  130  128  126  121  120  122  120  121   2967
               9 8   122  123  124  124  126  127  125  126  128  130  127  132  133  133  132  130  128  126  124  123  124  131  132  130   3060
               9 9   132  125  123  119  121  132  131  136  137  141  142  143  143  137  136  140  142  138  132  126  139  140  141  142   3238
               910   138  141  136  140  141  141  136  137  144  141  131  129  129  121  121  120  119  118  118  121  124  119  136  129   3130
               911   138  141  140  125  126  125  130  139  126  120  119  118  119  124  126  127  127  131  132  122  119  120  124  123   3041
               912   128  129  127  129  138  131  132  132  131  136  134  137  138  135  132  137  139  142  137  127  135  132  139  135   3212
               913   126  111  111  122  131  122  124  138  137  136  133  129  126  126  127  119  116  106  105  105  105  117  122  123   2917
               914   126  122  119  121  126  123  126  129  130  128  119  126  121  121  116  109  104  103  103  103  103  104  103  102   2787
               915   102  102  102  101  101  101  102  107  114  117  124  114  108  108  110  107  106  105  104  103  103  105  110  106   2562
               916   103  102  102  101  101  101  100  101  103  103  103  103  103  106  106  109  111  115  116  111  111  114  112  115   2552
               917   116  121  121  120  120  122  123  123  123  120  117  119  115  117  115  113  112  111  112  116  118  120  119  120   2833
               918   123  124  129  133  134  134  134  134  135  136  135  135  135  135  135  134  135  135  136  135  126  125  125  114   3156
               919   112  111  122  130  122  124  132  136  133  132  135  120  118  112  111  111  111  109  108  109  112  119  114  115   2858
               920   114  120  120  122  119  125  125  107  107  118  115  111  107  106  106  105  105  106  105  105  106  106  109  112   2681
               921   119  122  120  122  120  120  126  127  127  122  122  124  123  134  136  137  134  134  133  129  129  123  114  115   3012
               922   119  120  121  125  129  127  131  139  137  137  139  142  145  147  148  146  144  144  143  143  143  143  144  142   3298
               923   144  144  143  142  141  137  134  132  134  136  143  141  141  139  138  137  138  137  137  136  136  135  135  135   3315
               924   134  134  134  133  132  133  131  131  126  121  116  114  113  116  111  103  103  102  102  103  110  108  121  111   2842
               925   104  111  121  114  120  116  118  115  110  108  112  115  112  114  110  108  108  111  108  109  108  111  107  107   2677
               926   115  112  126  111  104  105  104  105  106  109  110  109  111  113  114  116  119  118  115  117  112  110  107  106   2674
               927   104  104  103  104  104  105  106  107  108  109  109  109  110  111  111  111  112  112  112  110  109  109  107  105   2591
               928   105  104  104  104  104  102  102  102  103  107  112  115  116  116  116  116  115  112  108  112  110  108  106  106   2605
               929   108  116  114  108  107  107  107  108  111  114  112  113  120  122  130  133  117  113  116  118  123  126  126  129   2798
               930   129  131  133  135  136  138  139  138  138  139  139  140  141  142  143  143  142  142  142  142  140  135  129  134   3310
              ------------------------------------------------------------------------------------------------------------------------------------
              TOTAL 3607 3600 3644 3639 3653 3664 3665 3713 3713 3739 3721 3703 3671 3681 3660 3624 3626 3614 3599 3573 3588 3609 3634 3625  87565
              MEAN   120  120  121  121  122  122  122  124  124  125  124  123  122  123  122  121  121  120  120  119  120  120  121  121   2919
              MAX    144  144  143  142  141  141  139  139  144  141  143  143  145  147  148  146  144  144  143  143  143  143  144  142   3315
                N     30   30   30   30   30   30   30   30   30   30   30   30   30   30   30   30   30   30   30   30   30   30   30   30     30
              NOTE                                                                                                                                
                                                                                                                                                  
                   *): WITH MISSING DATA; TOTAL,MEAN,MAXIMUM ESTIMATED                                                                            
                                                                                                                                                  
                                                                                                                                                  
                                                                                                                                                  
