                                                                                                                                                  
                                                                                                                                                  
                                                                *******************************                                                   
                                                                  DOWNWARD LONGWAVE RADIATION                                                     
                                                                *******************************                                                   
                                                                                                                  COUNTRY = JAPAN                 
                                                                                                                                                  
                                                                                                                                                  
                                                                     UNIT  = 0.01 MJ/m**2                                                         
                        STATION    : Abashiri                                                                                                     
                        STATION NO.: 47409                                                                                                        
                        LOCATION   : 144ﾟ17' E                                                                                                    
                                      44ﾟ01' N                                                                                                    
                        ALTITUDE   :   37.6  m                                                                                                    
                        YEAR/MONTH : 2023/11                                                                                                      
                                                                                                                                                  
              DATE   -01  -02  -03  -04  -05  -06  -07  -08  -09  -10  -11  -12  -13  -14  -15  -16  -17  -18  -19  -20  -21  -22  -23  -24  TOTAL
                                                                                                                                                  
              11 1   105  105  104  103  103  101  101  105  109  113  115  109  114  124  116  119  127  131  133  133  133  132  132  130   2797
              11 2   129  122  120  127  126  128  129  127  124  123  121  119  120  119  120  113  108  116  107  106   98   97   96   98   2793
              11 3    98   97   97   98   98   99  102  108  108  111  113  113  117  120  131  134  137  131  131  133  134  134  134  134   2812
              11 4   131  129  128  126  125  124  123  122  121  121  120  119  119  119  111  110  100   92  103  102   96   95  108   95   2739
              11 5    92   90   89   89   88   88   88   88   88   90   99  100  101   99   95   94   94   94   95   97   98  100  103  105   2264
              11 6   108  108  116  118  120  121  122  123  129  130  130  131  131  130  129  128  129  126  125  128  130  131  132  135   3010
              11 7   136  138  138  138  141  139  139  139  138  135  136  136  135  134  131  128  131  114  112  127  122  111  101  104   3103
              11 8    98   96   94   94   97  120  119  120  116  118  118  114  104  103  105  103  110  102  115   94  112  115  115  116   2598
              11 9   118  118  115  115  101  108  117  118  116  109  119  123  123  124  117  114  119  110  104  102   99  101  103  105   2698
              1110   104  104  105  106  107  113  114  118  120  125  127  128  131  131  130  130  127  126  125  124  122  121  121  120   2879
              1111   120  120  116  114  110   99   88   85   82   89   87   86   90   91   83   83   84  100  105  110   94   91   84   82   2293
              1112    85   81   80   80   79   78   78   78   79   80   81   99   96   86   94   99   94   97   90   96   83   86   87   80   2066
              1113    82   86   90   83   80   93  103  102   85   81   83   93  105  103  104  106   95  104  107  106  110  111  109  100   2321
              1114   104  106   92   93  111  109  108  104  108   95   91  104   98   91  105  101  108  110  100  103  106  113  103  101   2464
              1115   102  106  108  109  106  106  102  100   82   82   83   86   97   97   97  103   93   94  108  109  110  110  106   91   2387
              1116    86   87  106  111  111  111  111  103   88   88   89   90   91   91   90   90   91   91   89   88   90   92   94   94   2272
              1117    97  109  108  111  111  114  112  119  123  123  125  120  121  121  124  124  120  123  124  126  128  130  131  132   2876
              1118   129  135  119  112  108  105  114  116  116  104  100  102  101   99  102  100   97   95   92   89   89   89   88   87   2488
              1119    86   86   87   89  106  115  100   99  108  111  111  119  107   99  104   97   96  101  102   93   94   92   92   94   2388
              1120    98   98  108  108  103   96   95  116  110   99  105  100   95   91   95   99  107  116  113  101  102  113  111  109   2488
              1121   113  112  107   98   95   86   86   87   88   89   91   93   94   96   96   95   95   95   99  103  102   97  102  109   2328
              1122   111   98   97   98   99  112  117  111  100   98   98  102   99   98   98   99  107  114  120   99   97   96   97  101   2466
              1123   105  107  112  114  110  113  114  115  109  104  104  108  108  108  109  110  111  109  120  122  123  113  126  120   2694
              1124   101  105  109  109   95   92   92   92   93   98  108  114  115  115  115  113  110  110  111  110  106  103  106  108   2530
              1125   103   89   85   83   82   78   77   94   85   72   88   93   80   77   69   73   70   69   70   71   70   73   94   81   1926
              1126    85   88   82   90   88   79   94   93   94   91   80   83   85   79   79   83   85   83   94   93  102  104  105   97   2136
              1127    86   86   80   81   81   81   80   80   81   81   82   82   82   82   82   83   83   85   83   83   88  104  107  108   2051
              1128   110  111  113  113  114  114  114  116  116  102  104  110  102  105   94   97   99  109   98  103  111  107   87   84   2533
              1129    84   90   80   78   78   94  106   99   87   91   81   86   80   76   83   99   95   86   75   73   72   73   72   72   2010
              1130    71   70   70   71   72   71   71   69   69   71   73   81   76   77   75   72   71   71   70   69   70   70   70   70   1720
              ------------------------------------------------------------------------------------------------------------------------------------
              TOTAL 3077 3077 3055 3059 3045 3087 3116 3146 3072 3024 3062 3143 3117 3085 3083 3099 3093 3104 3120 3093 3091 3104 3116 3062  74130
              MEAN   103  103  102  102  102  103  104  105  102  101  102  105  104  103  103  103  103  103  104  103  103  103  104  102   2471
              MAX    136  138  138  138  141  139  139  139  138  135  136  136  135  134  131  134  137  131  133  133  134  134  134  135   3103
                N     30   30   30   30   30   30   30   30   30   30   30   30   30   30   30   30   30   30   30   30   30   30   30   30     30
              NOTE                                                                                                                                
                                                                                                                                                  
                   *): WITH MISSING DATA; TOTAL,MEAN,MAXIMUM ESTIMATED                                                                            
                                                                                                                                                  
                                                                                                                                                  
                                                                                                                                                  
