                                                                                                                                                  
                                                                                                                                                  
                                                                *******************************                                                   
                                                                  DOWNWARD LONGWAVE RADIATION                                                     
                                                                *******************************                                                   
                                                                                                                  COUNTRY = JAPAN                 
                                                                                                                                                  
                                                                                                                                                  
                                                                     UNIT  = 0.01 MJ/m**2                                                         
                        STATION    : Abashiri                                                                                                     
                        STATION NO.: 47409                                                                                                        
                        LOCATION   : 144ﾟ17' E                                                                                                    
                                      44ﾟ01' N                                                                                                    
                        ALTITUDE   :   37.6  m                                                                                                    
                        YEAR/MONTH : 2023/06                                                                                                      
                                                                                                                                                  
              DATE   -01  -02  -03  -04  -05  -06  -07  -08  -09  -10  -11  -12  -13  -14  -15  -16  -17  -18  -19  -20  -21  -22  -23  -24  TOTAL
                                                                                                                                                  
               6 1   105  104  110  104  102  104  109  112  109  110  113  118  130  122  117  116  118  117  128  134  135  131  129  132   2809
               6 2   133  135  135  129  127  129  131  128  127  124  131  134  124  129  120  129  130  128  128  129  131  133  133  133   3110
               6 3   132  133  131  132  130  130  130  129  128  128  127  126  126  125  125  125  124  124  124  123  123  123  123  123   3044
               6 4   123  123  122  122  122  123  117  116  114  118  121  127  126  129  130  130  124  120  114  104  103  100  109  119   2856
               6 5   113  112  112  115  119  120  123  127  113  114  116  109  100  100  101  100  101  101  102  111  107  103  105  107   2631
               6 6   104  103  103  103  103  103  104  106  107  108  111  112  118  116  126  128  134  135  129  128  117  114  128  133   2773
               6 7   131  133  134  135  133  133  134  133  127  126  128  123  126  134  141  136  133  138  131  133  131  131  128  128   3160
               6 8   123  133  128  130  130  125  135  138  136  127  126  125  117  115  115  115  115  116  118  118  117  126  132  133   2993
               6 9   133  131  131  129  123  126  126  128  133  135  131  133  138  139  133  131  134  130  130  130  130  132  130  128   3144
               610   129  130  130  131  130  130  131  130  132  130  131  131  131  137  138  137  136  128  127  116  117  127  136  134   3129
               611   129  116  114  115  117  117  116  118  118  118  118  118  117  119  120  122  130  133  124  121  121  117  115  114   2867
               612   114  113  113  112  112  113  114  117  120  123  122  123  124  125  124  126  129  126  125  124  122  120  122  128   2891
               613   123  124  129  128  126  128  129  128  133  135  130  130  133  137  137  131  136  137  138  139  138  135  132  129   3165
               614   128  129  123  124  119  119  137  122  127  128  126  127  132  135  136  134  133  128  126  124  121  120  119  119   3036
               615   117  117  116  117  118  121  123  122  124  123  123  124  124  125  128  132  130  128  124  125  130  129  122  121   2963
               616   121  126  125  123  122  123  126  127  128  126  126  127  123  121  120  121  121  120  124  132  134  134  124  120   2994
               617   120  119  118  119  116  116  119  121  126  131  142  143  142  136  129  128  129  124  124  122  121  121  121  120   3007
               618   119  128  129  120  111  112  115  117  113  123  118  133  133  132  131  132  131  131  129  125  128  130  129  129   2998
               619   129  128  126  123  124  127  128  128  128  129  128  127  127  127  127  126  126  128  128  126  127  126  125  124   3042
               620   115  119  128  125  121  122  106  111  116  111  109  109  109  108  108  108  107  107  109  109  108  118  111  108   2702
               621   109  108  117  123  114  107  108  111  113  114  114  114  115  115  126  125  126  122  120  123  123  125  120  118   2810
               622   120  120  119  118  118  117  119  119  121  121  120  121  121  121  127  133  133  132  132  128  129  127  124  124   2964
               623   130  130  132  132  131  129  132  133  134  135  137  137  138  135  135  135  135  131  127  126  121  123  129  131   3158
               624   131  132  131  130  130  129  123  122  124  126  129  127  120  116  117  115  115  114  113  113  113  112  111  112   2905
               625   113  113  114  114  114  120  122  118  118  118  119  119  119  119  118  117  116  117  118  119  120  120  122  122   2829
               626   122  123  122  120  121  122  123  125  127  128  128  128  128  127  128  129  132  134  134  132  131  130  129  128   3051
               627   124  125  123  123  121  120  122  124  126  128  130  132  134  134  135  134  134  134  132  132  133  136  137  137   3110
               628   134  137  139  139  139  135  147  149  147  146  151  156  155  144  142  151  150  148  147  145  139  132  131  130   3433
               629   131  132  136  141  141  137  138  143  144  145  144  144  144  144  145  145  145  145  146  149  149  149  148  147   3432
               630   145  144  143  143  144  143  142  141  140  140  140  139  138  138  138  137  137  137  137  137  137  137  138  138   3353
              ------------------------------------------------------------------------------------------------------------------------------------
              TOTAL 3700 3720 3733 3719 3678 3680 3729 3743 3753 3768 3789 3816 3812 3804 3817 3828 3844 3813 3788 3777 3756 3761 3762 3769  90359
              MEAN   123  124  124  124  123  123  124  125  125  126  126  127  127  127  127  128  128  127  126  126  125  125  125  126   3012
              MAX    145  144  143  143  144  143  147  149  147  146  151  156  155  144  145  151  150  148  147  149  149  149  148  147   3433
                N     30   30   30   30   30   30   30   30   30   30   30   30   30   30   30   30   30   30   30   30   30   30   30   30     30
              NOTE                                                                                                                                
                                                                                                                                                  
                   *): WITH MISSING DATA; TOTAL,MEAN,MAXIMUM ESTIMATED                                                                            
                                                                                                                                                  
                                                                                                                                                  
                                                                                                                                                  
