                                                                                                                                                  
                                                                                                                                                  
                                                                *******************************                                                   
                                                                  DOWNWARD LONGWAVE RADIATION                                                     
                                                                *******************************                                                   
                                                                                                                  COUNTRY = JAPAN                 
                                                                                                                                                  
                                                                                                                                                  
                                                                     UNIT  = 0.01 MJ/m**2                                                         
                        STATION    : Abashiri                                                                                                     
                        STATION NO.: 47409                                                                                                        
                        LOCATION   : 144ﾟ17' E                                                                                                    
                                      44ﾟ01' N                                                                                                    
                        ALTITUDE   :   37.6  m                                                                                                    
                        YEAR/MONTH : 2021/06                                                                                                      
                                                                                                                                                  
              DATE   -01  -02  -03  -04  -05  -06  -07  -08  -09  -10  -11  -12  -13  -14  -15  -16  -17  -18  -19  -20  -21  -22  -23  -24  TOTAL
                                                                                                                                                  
               6 1   106  115  114  117  116  105  111  103  103   94   93   93   93   94   94   94   95   96   97   98   98   99   99  103   2430
               6 2   104  102  101  101  102  101  102  106  104  104  109  118  125  124  125  120  107  114  120  119  115  114  118  118   2673
               6 3   120  122  129  128  124  119  120  119  109  110  112  112  114  116  122  126  128  131  131  127  125  123  123  125   2915
               6 4   126  126  126  125  124  129  131  133  135  136  136  139  139  140  134  135  135  135  134  134  137  135  124  119   3167
               6 5   112  111  112  110  109  109  110  112  114  114  115  116  116  118  127  133  134  132  128  120  117  116  115  115   2815
               6 6   114  114  113  113  115  119  119  116  119  119  117  117  119  121  125  126  121  127  125  121  129  133  127  124   2893
               6 7   112  114  116  116  116  119  128  128  116  112  109  108  109  110  111  112  112  113  113  113  113  114  125  126   2765
               6 8   126  122  119  118  117  127  120  127  125  130  132  131  127  124  123  123  124  123  121  117  121  111   99  105   2912
               6 9   113  113  112  114  106   99  100  102  104  104  105  106  107  107  107  110  112  109  108  113  114  111  110  110   2596
               610   109  108  109  110  111  112  114  117  119  121  122  122  123  122  122  122  123  123  125  125  126  125  125  123   2858
               611   123  122  123  121  119  120  121  124  124  123  123  124  125  127  134  135  134  130  131  130  132  139  139  136   3059
               612   134  134  134  133  131  131  133  134  134  133  134  137  140  143  135  135  130  128  132  126  124  123  124  125   3167
               613   124  124  123  121  122  123  124  126  128  128  125  125  128  122  123  124  124  124  124  124  126  125  124  129   2990
               614   123  129  136  124  134  134  136  136  135  135  135  131  128  136  136  135  136  135  133  132  132  131  131  130   3183
               615   129  128  127  127  127  128  128  128  128  129  130  129  129  129  129  130  129  129  129  129  129  129  129  129   3087
               616   129  129  128  128  128  128  128  129  131  130  111  111  109  109  109  109  109  108  108  109  108  107  106  120   2821
               617   129  117  106  105  109  125  127  128  128  133  129  121  118  114  105  105  104  105  105  105  105  105  105  106   2739
               618   105  105  104  104  103  105  106  108  108  108  107  105  105  105  105  105  105  106  103  101  101  100  100  103   2507
               619   128  128  128  127  128  128  127  127  128  129  130  130  113  123  129  129  129  128  128  128  128  128  128  128   3057
               620   128  129  129  120  122  125  127  126  128  130  129  129  129  131  130  131  131  131  128  126  126  126  127  127   3065
               621   130  129  128  128  128  128  128  127  127  125  124  113  105  105  107  105  103  102  102  102  102  102  102  102   2754
               622   102  102  102  102  102  104  110  116  121  110  110  109  110  110  114  117  120  114  108  107  112  107  107  107   2623
               623   109  108  108  108  108  109  110  112  113  114  114  114  114  113  113  114  115  116  118  119  118  118  119  116   2720
               624   116  116  118  116  115  115  118  123  125  132  133  132  133  131  133  124  129  123  124  134  131  130  125  128   3004
               625   127  123  121  123  125  118  119  131  128  120  121  121  125  127  126  123  121  122  122  125  122  121  121  121   2953
               626   120  119  118  118  118  119  121  122  124  127  129  130  129  129  128  128  129  132  122  121  121  121  121  121   2967
               627   123  123  132  132  121  121  122  123  125  124  123  122  122  124  124  127  126  133  130  129  129  128  127  126   3016
               628   124  122  121  120  119  119  120  121  121  122  120  120  120  119  135  134  134  134  134  134  133  133  133  134   3026
               629   134  133  134  133  133  133  134  134  134  134  135  135  134  129  121  122  124  123  124  125  123  125  122  125   3103
               630   127  129  136  136  136  135  136  136  136  136  137  138  138  137  139  138  138  136  136  135  136  136  136  136   3259
              ------------------------------------------------------------------------------------------------------------------------------------
              TOTAL 3606 3596 3607 3578 3568 3587 3630 3674 3674 3666 3649 3638 3626 3639 3665 3671 3661 3662 3643 3628 3633 3615 3591 3617  87124
              MEAN   120  120  120  119  119  120  121  122  122  122  122  121  121  121  122  122  122  122  121  121  121  121  120  121   2904
              MAX    134  134  136  136  136  135  136  136  136  136  137  139  140  143  139  138  138  136  136  135  137  139  139  136   3259
                N     30   30   30   30   30   30   30   30   30   30   30   30   30   30   30   30   30   30   30   30   30   30   30   30     30
              NOTE                                                                                                                                
                                                                                                                                                  
                   *): WITH MISSING DATA; TOTAL,MEAN,MAXIMUM ESTIMATED                                                                            
                                                                                                                                                  
                                                                                                                                                  
                                                                                                                                                  
