                                                                                                                                                  
                                                                                                                                                  
                                                                *******************************                                                   
                                                                  DOWNWARD LONGWAVE RADIATION                                                     
                                                                *******************************                                                   
                                                                                                                  COUNTRY = JAPAN                 
                                                                                                                                                  
                                                                                                                                                  
                                                                     UNIT  = 0.01 MJ/m**2                                                         
                        STATION    : Abashiri                                                                                                     
                        STATION NO.: 47409                                                                                                        
                        LOCATION   : 144ﾟ17' E                                                                                                    
                                      44ﾟ01' N                                                                                                    
                        ALTITUDE   :   37.6  m                                                                                                    
                        YEAR/MONTH : 2022/05                                                                                                      
                                                                                                                                                  
              DATE   -01  -02  -03  -04  -05  -06  -07  -08  -09  -10  -11  -12  -13  -14  -15  -16  -17  -18  -19  -20  -21  -22  -23  -24  TOTAL
                                                                                                                                                  
               5 1    85   86   90   90   95  100  104  105  104  110  113  116  118  113  114  116  117  117  116  116  115  117  116  119   2592
               5 2   121  121  120  121  121  121  121  122  121  123  125  126  121  107   97  107  122  116  118  119  106   98   92   91   2757
               5 3    91   92   92   96   99  103  110  112  113  112  116  115  114  114  108  112  111  114   97  109  119  119  119  119   2606
               5 4   118  113  109  117  118  117  116  120  121  122  122  123  111  119  120  118  117  116  115  115  113  114  114  110   2798
               5 5    88   86   89   86   88   88   91  102   90   91   93   95   96   96   98  100  103  104  104  103  102  103  104  103   2303
               5 6   103  102  102  102  101  103  105  108  112  116  115  114  114  115  116  117  120  119  115  111  112  110  112  112   2656
               5 7   111  113  115  115  115  113  111  110  111  113  117  123  125  125  127  120  117  120  125  125  120  118  123  115   2827
               5 8   120  126  133  129  127  103   96   97   99  110  106  111  116  101  103  106  103  100  101   91   90  101  105  100   2574
               5 9    90   89   90   89   90   90   91   95  106  116  114  119  119  120  121  121  120  105   94   93   94   95   95   99   2455
               510    96   97   97   97   99  107  119  108   98  100  105  103  101  101  101  100   98   97   96   96   97   98   97   97   2405
               511    98   99   99   98   98   99  101  103  103  105  106  106  106  105  106  108  110  112  111  107  107  108  106  105   2506
               512   104  103  106  106  107  111  116  117  119  116  115  115  120  125  124  118  118  133  133  123  118  121  116  126   2810
               513   124  109  106  109  126  125  128  130  129  129  128  128  128  125  126  127  126  130  131  131  131  130  128  128   3012
               514   128  131  131  131  134  134  132  133  130  132  130  133  131  133  136  132  129  123  118  113  113  104  103  103   3017
               515    99   97  101   98   96   98  107  104  100  100  104  103  105  118  120  106  102  101  102  101  101   99   99   99   2460
               516    98   97   96   96   96   97   98  100  102  104  105  108  116  126  123  118  111  109  107  106  105  103  103  103   2527
               517   102  101  100   99   98   97   97   98  101  103  104  103  101  103  107  111  112  111  109  108  106  104  103  103   2481
               518   103  106  117  102  102  103  103  105  106  108  109  108  107  107  108  112  113  112  111  109  109  108  106  106   2580
               519   105  105  105  106  106  104  106  113  126  129  127  127  119  118  118  117  124  124  117  120  114  112  111  110   2763
               520   111  120  125  129  123  112  121  126  120  129  131  124  123  127  130  130  130  127  124  124  110  109  110  109   2924
               521   107  107  106  105  105  106  108  108  111  110  109  111  113  117  124  126  124  125  123  123  131  133  129  130   2791
               522   132  131  121  127  133  122  127  131  132  131  133  133  135  137  134  130  125  125  116  113  113  113  122  118   3034
               523   119  119  121  121  124  125  122  127  131  130  128  128  119  126  123  125  125  124  120  117  104  105  104  103   2890
               524   119  126  127  126  126  127  127  127  127  126  127  111  109  121  127  126  126  126  125  125  125  124  124  120   2974
               525   105  107  121  124  124  120  118  110  110  113  115  116  116  118  119  119  119  119  119  119  118  119  117  117   2802
               526   123  124  118  112  111  112  112  112  112  111  114  117  116  116  117  117  117  120  118  118  118  114  113  113   2775
               527   111  112  111  114  113  115  119  120  123  124  124  133  136  135  134  132  136  137  133  133  135  132  133  134   3029
               528   134  134  135  135  135  133  135  136  135  134  132  132  133  133  131  132  131  129  128  128  127  127  126  126   3161
               529   126  126  126  126  126  126  126  126  125  124  125  125  124  124  124  125  124  124  124  124  123  124  123  123   2993
               530   123  122  122  122  122  122  122  122  123  122  123  123  123  122  123  122  122  122  122  122  122  120  119  122   2929
               531   119  122  123  123  124  124  124  123  122  126  124  124  128  123  129  129  129  125  119  123  122  123  124  124   2976
              ------------------------------------------------------------------------------------------------------------------------------------
              TOTAL 3413 3423 3454 3451 3482 3457 3513 3550 3562 3619 3639 3653 3643 3670 3688 3679 3681 3666 3591 3565 3520 3505 3496 3487  85407
              MEAN   110  110  111  111  112  112  113  115  115  117  117  118  118  118  119  119  119  118  116  115  114  113  113  112   2755
              MAX    134  134  135  135  135  134  135  136  135  134  133  133  136  137  136  132  136  137  133  133  135  133  133  134   3161
                N     31   31   31   31   31   31   31   31   31   31   31   31   31   31   31   31   31   31   31   31   31   31   31   31     31
              NOTE                                                                                                                                
                                                                                                                                                  
                   *): WITH MISSING DATA; TOTAL,MEAN,MAXIMUM ESTIMATED                                                                            
                                                                                                                                                  
                                                                                                                                                  
