                                                                                                                                                  
                                                                                                                                                  
                                                                *******************************                                                   
                                                                  DOWNWARD LONGWAVE RADIATION                                                     
                                                                *******************************                                                   
                                                                                                                  COUNTRY = JAPAN                 
                                                                                                                                                  
                                                                                                                                                  
                                                                     UNIT  = 0.01 MJ/m**2                                                         
                        STATION    : Abashiri                                                                                                     
                        STATION NO.: 47409                                                                                                        
                        LOCATION   : 144ﾟ17' E                                                                                                    
                                      44ﾟ01' N                                                                                                    
                        ALTITUDE   :   37.6  m                                                                                                    
                        YEAR/MONTH : 2023/05                                                                                                      
                                                                                                                                                  
              DATE   -01  -02  -03  -04  -05  -06  -07  -08  -09  -10  -11  -12  -13  -14  -15  -16  -17  -18  -19  -20  -21  -22  -23  -24  TOTAL
                                                                                                                                                  
               5 1    99   98   99   98   98   98   98  101  103  101  101  105  118  117  116  118  115  107  114  116  117  117  117  115   2586
               5 2   116  112   92   87   92   98  104  105   90   89   89   89   90   91   92   94   96   97   98   99   98   98   98   97   2311
               5 3    96   96   95   95   97   98   98  103  113  114  118  120  117  121  118  112  118  122  130  133  116  110  109  108   2657
               5 4   108  109  110  113  112  116  115  117  122  127  129  129  128  138  132  131  127  128  131  135  127  127  119  127   2957
               5 5   133  131  130  128  126  122  114  116  116  102   99  105  113  105  103  109  119  119  113  116  120  119  120  119   2797
               5 6   118  119  119  119  118  118  118  118  117  117  116  116  116  116  115  115  113  111   99   94   98   99   99   97   2685
               5 7    92   95   90   87   87   87   87   89   91   90   91   90   91   91   88   88   90   89   89   88   89   88   93   99   2159
               5 8    98   98  105  107  107  108  109  110  110  111  112  112  112  113  113  113  113  112  111  109  105  102  102   94   2586
               5 9    90  101   86   86   86   88   91   95  108  115  106  107  116  115  123  123  118  121  123  122  119  112   96   98   2545
               510    99  106  108  105  107  109  107  111  121  122  119  108  101  119  117  100  115  112  106  100   99   95  100  118   2604
               511   119  118  118  116  116  118  119  118  117  116  116  111  109  103  100  103  111  114  113  110   95   94  112  113   2679
               512   112   99   89   87   89   98   91  107  110   96   92   93   96   95   94   94   98  107  103   95   94   95   94   94   2322
               513    94   92   92   93   93   93   94   95   97   99   99  100  101  101  101  101  103  103  104  103  103  102  102  103   2368
               514   105  106  101   96   95  100   99  107  108  115  126  122  118  115  113  113  112  111  110  108  111  126  127  129   2673
               515   129  131  129  126  125  122  121  123  121  119  123  124  129  129  126  124  122  121  123  120  115  107  107  107   2923
               516   110  112  109  108  106  108  106  107  108  109  110  111  111  111  111  111  111  111  110  108  106  106  105  104   2609
               517   104  105  104  106  118  122  108  110  110  111  109  109  111  113  113  115  116  117  118  121  117  114  112  111   2694
               518   110  110  111  114  113  114  114  114  115  118  120  119  122  120  120  124  124  119  119  120  130  124  125  121   2840
               519   123  128  128  126  128  127  127  127  127  126  110  119  116  113  112  114  113  114  112  118  124  123  123  122   2900
               520   122  123  120  123  124  124  125  125  125  125  121  104  114  122  118  117  107  108  111  114  108  106  104  110   2800
               521   111  110  119  119  112  104  108  119  128  127  128  127  126  125  124  122  118  125  128  119  110  109  109  108   2835
               522   112  112  107  105  105  107  108  110  111  111  112  117  119  126  125  126  125  124  122  121  120  122  121  122   2790
               523   121  120  120  117  115  116  112  116  118  116  112  119  112  100   94   94   94   94   94   94   93   93   92   96   2552
               524   105  102  103   97  111  107  102  100  104   97   98   97   99   95   95   97   99   98   98   98   98   99  100  101   2400
               525   101  100  100   99  100  101  102  105  108  111  114  117  114  114  115  115  114  113  113  112  111  110  109  109   2607
               526   109  109  109  110  110  110  111  112  113  115  115  115  115  110  115  124  125  127  125  125  126  131  132  133   2826
               527   134  132  134  134  130  130  129  120  126  125  135  138  129  120  119  118  117  119  118  120  130  129  134  134   3054
               528   137  138  140  138  137  134  133  132  133  128  128  127  136  140  140  139  136  137  136  136  136  135  134  134   3244
               529   131  127  133  126  127  135  131  121  112  107  105  106  116  119  125  126  125  122  121  117  117  120  123  125   2917
               530   125  125  125  124  124  123  115  119  123  123  107   98  100  110  111  119  122  120  113   99   98   97   96   96   2712
               531    95   95   95   96   96   97   99  109  118  109  113  118  111  114  127  124  121  109  105  104  105  106  106  114   2586
              ------------------------------------------------------------------------------------------------------------------------------------
              TOTAL 3458 3459 3420 3385 3404 3432 3395 3461 3523 3491 3473 3472 3506 3521 3515 3523 3537 3531 3510 3474 3435 3415 3420 3458  83218
              MEAN   112  112  110  109  110  111  110  112  114  113  112  112  113  114  113  114  114  114  113  112  111  110  110  112   2684
              MAX    137  138  140  138  137  135  133  132  133  128  135  138  136  140  140  139  136  137  136  136  136  135  134  134   3244
                N     31   31   31   31   31   31   31   31   31   31   31   31   31   31   31   31   31   31   31   31   31   31   31   31     31
              NOTE                                                                                                                                
                                                                                                                                                  
                   *): WITH MISSING DATA; TOTAL,MEAN,MAXIMUM ESTIMATED                                                                            
                                                                                                                                                  
                                                                                                                                                  
