                                                                                                                                                  
                                                                                                                                                  
                                                                *******************************                                                   
                                                                  DOWNWARD LONGWAVE RADIATION                                                     
                                                                *******************************                                                   
                                                                                                                  COUNTRY = JAPAN                 
                                                                                                                                                  
                                                                                                                                                  
                                                                     UNIT  = 0.01 MJ/m**2                                                         
                        STATION    : Abashiri                                                                                                     
                        STATION NO.: 47409                                                                                                        
                        LOCATION   : 144ﾟ17' E                                                                                                    
                                      44ﾟ01' N                                                                                                    
                        ALTITUDE   :   37.6  m                                                                                                    
                        YEAR/MONTH : 2022/01                                                                                                      
                                                                                                                                                  
              DATE   -01  -02  -03  -04  -05  -06  -07  -08  -09  -10  -11  -12  -13  -14  -15  -16  -17  -18  -19  -20  -21  -22  -23  -24  TOTAL
                                                                                                                                                  
               1 1    60   60   60   60   60   60   60   60   62   82   90   81   92   74   70   66   67   70   83   88   83   68   67   65   1688
               1 2    64   62   63   67   82   89   88   83   80   83   88   93   94   92   93   85   76   76   76   95   95   95  102  103   2024
               1 3    96   91   74   74   87   66   63   63   63   72   84   87   85   88   71   68   67   67   66   68   63   63   63   64   1753
               1 4    78   77   71   65   76   73   73   75   83   88   88   94   97   98  100  103  103  102  101  100  102   99  101   99   2146
               1 5    95   98  102  102  102  102  101  102  103   99   98   91   93   96   92   95  101   99   95   89   74   84   83   89   2285
               1 6    94   84   89   83   98  102  102  102   99   99  100  100   94   88   91   88   82   89   86   93   97   95   92   93   2240
               1 7    97   93   88   83   90   93   86   93   86   79   71   78   91   88   88   85   89   97   93   96   86   72   69   69   2060
               1 8    69   69   69   69   69   69   70   71   71   82   74   74   76   85   79   81   78   80   88   88   77   81   93   99   1861
               1 9   102  104  102  105  107  107  106  105  105  101  106  101   85   84   85   84   73   86   81   90   88   94   96   95   2292
               110    79   76   70   69   70   85   93   91   91   78   88   85   78   74   74   76   85   84   83   86   77   75   72   72   1911
               111    71   70   70   70   70   72   71   71   71   72   73   77   86   95  100  105  106  104  104  104  106  108  107  107   2090
               112   110  112  113  113  113  113  113  113  113  112  111  102   92   85  105  XXX  XXX  108  107  105  105   95  105  112   XXXX
               113   112  112  112  112  111  110  109  105  103  108  108  102  107  102  102  104  108  108  108  109  109  104  104  105   2574
               114   107   98  103  107  110  110  102  106  107  110  110  110  109  109  108  110  110  XXX  XXX  XXX  XXX  XXX  XXX  XXX   XXXX
               115   110  111  110  109  109  107  101  100  106  109  108  107  108  108  108  106  107  108  108  108  107  110  109  105   2579
               116   109  109  100   87   90  106  107  107  107  106  106  106  104  103  103  101   90   86   90   88   91  103  103   92   2394
               117    91  104  108  108  111  112  112  112  109  111  112  112  112  113  113  110  109  111  108  107  107  109  109  107   2617
               118   107  107  107  106  106  106  105  106  106  103  104  104  105  106  106  105  101  100  106  106  108  109  108  104   2531
               119   107  105   95  101  104  107  106  103  100   98   82   82   88   93   87   81   89   96   85   84   92   88   92   81   2246
               120    81   95   86   69   69   68   68   84   87   82   83   87   96   85   89   92   98  101   96   87   98  100  102  103   2106
               121   102   99   97   95  100  103  104  104  104  104  104  104  104  104  104  102  103  102  101   87   98  102  101  101   2429
               122    94  103  101  101   99  101  101  101   99   98  102  102   98   99  101   95   94   90   89   95   97   99  101   87   2347
               123    90   80   74   72   75   88   75   72   71   71   72   72   73   74   74   77   82   77   84   92   92   89   86   75   1887
               124    82   90   90   95   92   94   92   91   95  100  100  101  102   99   85   89   89   93   97   97   94   97   98   90   2252
               125    86   80   92   85   95   92   99   98   95   97   80   75   71   71   71   71   71   71   72   83  100   98   97   90   2040
               126    95   92   94   92   87   91   93   92   82   82   79   85   80   87   92   93   93   92   95  100  100  101  104  105   2206
               127   103  101  104  104  103  102  101  103  102  100   95   83   76   72   78   92   88   77   83   81   79   73   69   69   2138
               128    68   70   68   70   68   70   73   71   69   70   80   78   85   71   70   85   77   78   77   73   77   81   83   76   1788
               129    71   71   71   74   89   77   70   75   69   73   71   73   72   72   81   76   74   76   92   92   87   81   86   78   1851
               130    70   66   65   71   74   79   77   80   70   64   65   68   68   68   68   68   69   66   70   66   65   64   63   64   1648
               131    63   72   65   63   62   62   62   62   61   62   62   62   63   62   63   64   74   81   83   93   85   79   76   70   1651
              ------------------------------------------------------------------------------------------------------------------------------------
              TOTAL 2763 2761 2713 2681 2778 2816 2783 2801 2769 2795 2794 2776 2784 2745 2751 2747 2740 2765 2796 2843 2830 2806 2833 2759  65884
              MEAN    89   89   88   86   90   91   90   90   89   90   90   90   90   89   89   89   88   89   90   92   91   91   91   89   2125
              MAX    112  112  113  113  113  113  113  113  113  112  112  112  112  113  113  110  110  111  108  109  109  110  109  112   2617
                N     31   31   31   31   31   31   31   31   31   31   31   31   31   31   31   30   30   30   30   30   30   30   30   30     29
              NOTE                                                                               *)   *)   *)   *)   *)   *)   *)   *)   *)     *)
                                                                                                                                                  
                   *): WITH MISSING DATA; TOTAL,MEAN,MAXIMUM ESTIMATED                                                                            
                                                                                                                                                  
                                                                                                                                                  
