                                                                                                                                                  
                                                                                                                                                  
                                                                *******************************                                                   
                                                                  DOWNWARD LONGWAVE RADIATION                                                     
                                                                *******************************                                                   
                                                                                                                  COUNTRY = JAPAN                 
                                                                                                                                                  
                                                                                                                                                  
                                                                     UNIT  = 0.01 MJ/m**2                                                         
                        STATION    : Abashiri                                                                                                     
                        STATION NO.: 47409                                                                                                        
                        LOCATION   : 144ﾟ17' E                                                                                                    
                                      44ﾟ01' N                                                                                                    
                        ALTITUDE   :   37.6  m                                                                                                    
                        YEAR/MONTH : 2021/10                                                                                                      
                                                                                                                                                  
              DATE   -01  -02  -03  -04  -05  -06  -07  -08  -09  -10  -11  -12  -13  -14  -15  -16  -17  -18  -19  -20  -21  -22  -23  -24  TOTAL
                                                                                                                                                  
              10 1   132  117  115  115  116  115  115  116  119  119  119  120  124  125  129  130  130  131  136  136  138  139  140  140   3016
              10 2   139  137  136  134  134  135  134  134  134  134  134  134  133  134  134  135  136  138  137  136  138  133  132  131   3236
              10 3   132  127  119  106  118  123  107  104  115  106  119  119  109  110  111  110  108  108  108  110  111  116  128  126   2750
              10 4   119  126  125  124  123  126  135  141  135  138  136  137  139  137  137  136  135  135  136  135  136  136  133  134   3194
              10 5   131  129  128  125  122  115  116  112  110  113  119  120  123  124  126  127  127  127  127  128  128  127  127  126   2957
              10 6   127  127  127  128  128  128  127  124  102  100  102  107  113  112  124  115  123  122  126  124  126  121  120  118   2871
              10 7   109  102  101  103  104  107  101   96   97  100  108  112  112  117  115  113  112  113  119  120  120  116  122  122   2641
              10 8   123  123  124  125  125  122  119  118  102  103  104  105  105  105  107  111  118  117  119  105  103  104  104  102   2693
              10 9   102  107  111  103  106  106  107  102  103  105  106  106  107  107  107  107  107  107  107  107  106  107  105  105   2543
              1010   104  102  101  101   99   98  100  101  104  107  110  117  123  132  136  137  135  133  133  134  136  138  146  147   2874
              1011   145  145  146  142  139  136  135  134  132  131  132  130  127  123  127  131  124  121  118  115  110  104  102  102   3051
              1012   101  101  101  101  101  100  100  100  101  102  108  105  106  102  101  103  104  104  121  114  112  105  104  104   2501
              1013   101  101  100  100  100   99  100  101  101  103  105  117  110  108  108  105  104  102  101  100  100   99   98   98   2461
              1014    97   97   98   98   98   98   98   98   98   99  100  102  104  105  109  112  114  110  123  120  128  127  125  129   2587
              1015   130  129  129  131  132  131  130  130  128  127  122  126  132  122  110  105  107  107  100  112  121  120  121  117   2919
              1016   113  108  114  119  120  115  109  109  112   99   97  105  112  113  112  121  116  122  119  119  124  120  124  122   2744
              1017   129  129  125  124  122  120  119  117  113  110  100  110  106  102   91   97   86   86   86   86   85   85   85   85   2498
              1018    92  102  107  103  111  100   93   97   90   90   93  110   97   94   98  103  103  108   99   97   95  105   91   90   2368
              1019    90   90   89   89   89   89   90   91   94   96   99  104  124  124  125  119  106  106  111  108  111  110  116  127   2497
              1020   126  126  127  126  128  128  127  128  128  127  127  129  128  126  124  125  125  123  124  123  124  126  127  127   3029
              1021   126  126  126  125  126  125  126  125  124  124  124  125  123  123  123  123  123  122  122  121  120  122  123  121   2968
              1022   121  121  120  120  120  120  107  108  109  113  110  119  119  121  117  118  111  114  103  113  116  106  102   93   2721
              1023    95  101  102  112  109  109  116  115  109  113  107  118  119  118  115   94   91   90   91   91   90   90   89   88   2472
              1024    89   90   89   91   91   91   93   94   95   96   98  100  104  109  104  105  105  102  100  100  100   99   99  100   2344
              1025    99   99   98   99   98   98   98   97   99  100  100  101  101  101  101  102  102  102  101  101  100   99   99   99   2394
              1026    99   99   99  100  103  100  100  103  104  108  111  114  118  116  128  120  117  124  123  114  112  109  116  121   2658
              1027   112  116  111  116  116  115  112  122  112  110  103  104  103  103  116  119  118  114  110  103  102  102  105  110   2654
              1028   114  121  123  108  102  103  118  124  110  117  129  114  109  115  126  126  124  118  103   98   99  103  104  108   2716
              1029   113  115  113  127  126  124  124  125  124  123  124  123  123  123  123  122  122  122  112  116  108  102  115  117   2866
              1030   116  118  118  117  119  118  116  117  120  119  120  117   96   94   94   94   94   94   93   94   95   94   94   94   2545
              1031    93   94   96   97   94   95   99   98  100  103  102  109  109  113  115  111  112  113  117  110   99  107  117  111   2514
              ------------------------------------------------------------------------------------------------------------------------------------
              TOTAL 3519 3525 3518 3509 3519 3489 3471 3481 3424 3435 3468 3559 3558 3558 3593 3576 3539 3535 3525 3490 3493 3471 3513 3514  84282
              MEAN   114  114  113  113  114  113  112  112  110  111  112  115  115  115  116  115  114  114  114  113  113  112  113  113   2719
              MAX    145  145  146  142  139  136  135  141  135  138  136  137  139  137  137  137  136  138  137  136  138  139  146  147   3236
                N     31   31   31   31   31   31   31   31   31   31   31   31   31   31   31   31   31   31   31   31   31   31   31   31     31
              NOTE                                                                                                                                
                                                                                                                                                  
                   *): WITH MISSING DATA; TOTAL,MEAN,MAXIMUM ESTIMATED                                                                            
                                                                                                                                                  
                                                                                                                                                  
