                                                                                                                                                  
                                                                                                                                                  
                                                                *******************************                                                   
                                                                  DOWNWARD LONGWAVE RADIATION                                                     
                                                                *******************************                                                   
                                                                                                                  COUNTRY = JAPAN                 
                                                                                                                                                  
                                                                                                                                                  
                                                                     UNIT  = 0.01 MJ/m**2                                                         
                        STATION    : Abashiri                                                                                                     
                        STATION NO.: 47409                                                                                                        
                        LOCATION   : 144ﾟ17' E                                                                                                    
                                      44ﾟ01' N                                                                                                    
                        ALTITUDE   :   37.6  m                                                                                                    
                        YEAR/MONTH : 2021/11                                                                                                      
                                                                                                                                                  
              DATE   -01  -02  -03  -04  -05  -06  -07  -08  -09  -10  -11  -12  -13  -14  -15  -16  -17  -18  -19  -20  -21  -22  -23  -24  TOTAL
                                                                                                                                                  
              11 1   113  109  118  105  115  124  122  125  120  123  125  122  123  122  122  116  111  112  116  106  107  106  113  114   2789
              11 2   118  113  113  110  105  108  113  116  111  113  113  105  113  111  111  116  118  117  118  117  118  117  116  106   2716
              11 3   105  111  116  119  120  120  121  122  123  124  124  125  125  126  126  125  125  125  125  125  124  123  123  123   2925
              11 4   124  123  124  125  125  125  126  126  127  127  125  126  126  127  127  126  125  125  124  123  124  125  124  125   3004
              11 5   124  123  122  125  125  122  120  125  125  121  120  121  122  113  107  107  108  115  122  113   97   97  112  117   2803
              11 6   110  118  121  120  119  119  104  107  112  102  100  116  114  103   96   94   94   94   93   93   93   93   92   92   2499
              11 7    91   91   92   94   96   98  104  119  122  122  123  121  120  120  117  117  115  110  107   93   89   88   88   88   2525
              11 8    88   88   88   89   89   89   93  114  106   94   94   97  100  100  103  103  102  104  101   99  102  104  104  102   2353
              11 9   110  110  105  110  106  103  113  113  120  126  119  120  125  129  130  128  131  131  129  133  133  135  135  134   2928
              1110   133  134  134  134  135  136  138  138  139  139  134  131  131  123  120  123  124  126  108  101  101  100   97   97   2976
              1111    97   96   96  100   97   98   98   99  100  103  101   97  101   98   98   98   93   93   92   91   91   90   91   91   2309
              1112    92   93   94  113  118  123  102   93   93   94   95   97   97  101   94   94   93   94   95   93   92   90   90   93   2333
              1113   103   91  104  110  102  105  100   96   89   93  107  113  112  107  111  106  108  101   98   93   92   92  104  112   2449
              1114   109  101   94   92   91   92   92   93   93  101  117  111  112  105  114  119  123  113  113  105  102   99  102  111   2504
              1115   118  125  116  100  110  109  109  117  113  102  110  102   95  108   99   95   97  102   98   90   84   84   84   85   2452
              1116    83   83   83   83   81   81   82   98  100  102   99  101  107  112  111  102  102  106   98  100   86   85   92  105   2282
              1117   107  107  105  113  110  102   85   88   89   97   97  109   98  108  105   94   85   85   84   84   84   84   83   83   2286
              1118    83   83   83   83   82   84   86   86   85   90   89   90   90   91   92   94   93   91  105  115  112  114  103   97   2221
              1119    95   94   94   94   94   96  103   97   98   97   96  114  118  119  118  120  124  117  104  101   93   89   91   97   2463
              1120   111  113  116  113  112  107  105  109  104  108  109  105  107  110  104  104  111  111  112  112  112  113  114  113   2635
              1121   113  112  111  111  110  110  109  108  110  109  108  104  113  106  108  102  100  104  103   89   96  102   87   86   2511
              1122    84   86  101  111   95  111  113  108  115  115  114  118  119  120  120  120  120  121  123  123  124  126  127  126   2740
              1123   128  129  124  123  121  113  116  112  103   85   87   87   87   85   84   83   83   82   82   81   81   86   86   80   2328
              1124    79   78   78   79   79   79   78   78   79   80   81   85   88  100  110  100   85   81   79   79   79   80   78   82   1994
              1125    81   85   85   85   85   79   79   82   81   81   82   86   90  100   98  104  108   90   94  107  110   95   94   80   2161
              1126    80   80   82   81   77   78   85   91   90   83   83   94  108  101  100   92   89   91   86   83   82   85   91   94   2106
              1127   102  104  104  102  107  113  115  110  107  108  108   94   97   91   96   93  113  111  112  105  106  109  109  107   2523
              1128   102  100   98   97  101  109  109  108  108  100  102  112  108   98   86   93   89   86   84   83   82   81   81   81   2298
              1129    81   80   79   79   80   82   85   86   93   99  102  103  105  106  109  108   98  102  119  119  118  119  119  119   2390
              1130   117  109  111  104  100  100  102  100   91   91   93   94   97  101  102   94   93   94   92   96  104  102  104  110   2401
              ------------------------------------------------------------------------------------------------------------------------------------
              TOTAL 3081 3069 3091 3104 3087 3115 3107 3164 3146 3129 3157 3200 3248 3241 3218 3170 3160 3134 3116 3052 3018 3013 3034 3050  74904
              MEAN   103  102  103  103  103  104  104  105  105  104  105  107  108  108  107  106  105  104  104  102  101  100  101  102   2497
              MAX    133  134  134  134  135  136  138  138  139  139  134  131  131  129  130  128  131  131  129  133  133  135  135  134   3004
                N     30   30   30   30   30   30   30   30   30   30   30   30   30   30   30   30   30   30   30   30   30   30   30   30     30
              NOTE                                                                                                                                
                                                                                                                                                  
                   *): WITH MISSING DATA; TOTAL,MEAN,MAXIMUM ESTIMATED                                                                            
                                                                                                                                                  
                                                                                                                                                  
                                                                                                                                                  
