                                                                                                                                                  
                                                                                                                                                  
                                                                *******************************                                                   
                                                                  DOWNWARD LONGWAVE RADIATION                                                     
                                                                *******************************                                                   
                                                                                                                  COUNTRY = JAPAN                 
                                                                                                                                                  
                                                                                                                                                  
                                                                     UNIT  = 0.01 MJ/m**2                                                         
                        STATION    : Abashiri                                                                                                     
                        STATION NO.: 47409                                                                                                        
                        LOCATION   : 144ﾟ17' E                                                                                                    
                                      44ﾟ01' N                                                                                                    
                        ALTITUDE   :   37.6  m                                                                                                    
                        YEAR/MONTH : 2024/02                                                                                                      
                                                                                                                                                  
              DATE   -01  -02  -03  -04  -05  -06  -07  -08  -09  -10  -11  -12  -13  -14  -15  -16  -17  -18  -19  -20  -21  -22  -23  -24  TOTAL
                                                                                                                                                  
               2 1    83   79   78   79   79   96   88   73   73   87   72   93   95   93   91   70   74   64   63   81   90   91   94   93   1979
               2 2    80   74   65   63   73   89   92   88   89   82   77   70   73   88   91   94   95   95   93   94   95   82   60   59   1961
               2 3    80   75   61   61   61   61   62   64   64   69   77   80   70   66   66   67   67   78   83   71   84   95   97   96   1755
               2 4    98   99   98   96   97   97   98   98   99   98   97   99   96   96   95   93   85   73   79   80   84   85   77   68   2185
               2 5    68   78   71   66   65   64   64   64   64   68   72   65   66   71   72   66   66   66   66   80   92   78   67   65   1664
               2 6    64   64   63   63   66   71   63   62   62   63   64   64   64   64   65   65   66   66   66   69   80   75   74   83   1606
               2 7    90   73   70   78   75   78   81   85   86   82   88   92   85   77   81   74   68   67   66   66   65   65   66   66   1824
               2 8    67   78   82   81   91   92   93   97   96   95   93   82   95   97  104  100   91   86   98   97   88   79   87   89   2158
               2 9    82   78   79   77   83   76   73   76   76   83   92   98   96   97   96   96  100  100   89   76   73   77   79   86   2038
               210    89   89   88   83   90   95   87   94   90   85   75   81   82   78   78   76   85   83   82   84   87   90   86   83   2040
               211    87   90   96  103  103  102   99   97   86   86   79   72   70   70   79   82   72   70   71   72   74   82   86   82   2010
               212    79   71   85   94   89   91   93   92   81   75   87   86   79   75   75   75   77   81   84   86   82   78   78   78   1971
               213    79   79   80   82   87   83   83   83   83   83   85   87   89   90   90   90   91   91   91   91   90   90   89   89   2075
               214    89   90   89   90   90   90   91   92   92   93   93   93   94   93   93   91   94  108   98   85   85   86   92   93   2204
               215    91   93   98   94   95   98  100  100  105  108  110  110  109  107  106  106  106  105  105  104  104  106  105  107   2472
               216   107  107  105  105  103  103  101   99   99   99  100   89   86   91   86   82   89   84   94   97   87   80   71   71   2235
               217    76   71   69   69   70   71   71   72   72   73   74   78   83   85   86   86   84   85   94   89   81   81   84   78   1882
               218    78   78   77   76   76   77   78   79   81   82   83   84   85   86   86   87   86   86   85   84   84   84   84   84   1970
               219    84   84   84   85   86   87   89   97  104  107  104  106  111  112  112  109  115  119  118  121  124  123  120  117   2518
               220   123  123  117  115  111  108  106  105  104  103  103  103  104  104  103   97   79   79   98  100  100  100   99  101   2485
               221    99  101   98   95   97   96   87   88   97   95   75   88   98   89   90   77   78   84   88   86   80   79   84   81   2130
               222    88   93   79   82   79   91   83   78   75   74   92   89   97   94   87   89   91   89   86   76   69   74   94   97   2046
               223    96   95   92   96   90   68   65   64   64   64   65   68   72   75   87   89   83   71   82   80   81   68   66   64   1845
               224    63   63   63   64   64   68   71   67   67   65   65   65   66   66   66   67   68   70   68   79   85   85   94   75   1674
               225    88   85   82   73   90   98   84   71   67   67   68   68   68   68   72   78   81   81   87   89   87   85   90   83   1910
               226    87   88   87   90   95   95   97   97   98   99  100  101  101  101  102  102  103  104  105  106  107  107  106  106   2384
               227   106  106  107  107  107  105  104  104  105  104  104  105  105  105  104  104  105  103  102  102  102  101  102  101   2500
               228   100  100   99   98   98   97   96   96   96   96   96   96   96   95   95   95   88   78   73   79   72   67   68   68   2142
               229    66   65   66   67   70   68   65   64   65   66   68   70   72   73   74   74   74   74   78   75   74   75   77   74   1694
              ------------------------------------------------------------------------------------------------------------------------------------
              TOTAL 2487 2469 2428 2432 2480 2515 2464 2446 2440 2451 2458 2482 2507 2506 2532 2481 2461 2440 2492 2499 2506 2468 2476 2437  59357
              MEAN    86   85   84   84   86   87   85   84   84   85   85   86   86   86   87   86   85   84   86   86   86   85   85   84   2047
              MAX    123  123  117  115  111  108  106  105  105  108  110  110  111  112  112  109  115  119  118  121  124  123  120  117   2518
                N     29   29   29   29   29   29   29   29   29   29   29   29   29   29   29   29   29   29   29   29   29   29   29   29     29
              NOTE                                                                                                                                
                                                                                                                                                  
                   *): WITH MISSING DATA; TOTAL,MEAN,MAXIMUM ESTIMATED                                                                            
                                                                                                                                                  
                                                                                                                                                  
                                                                                                                                                  
                                                                                                                                                  
