                                                                                                                                                  
                                                                                                                                                  
                                                                *******************************                                                   
                                                                  DOWNWARD LONGWAVE RADIATION                                                     
                                                                *******************************                                                   
                                                                                                                  COUNTRY = JAPAN                 
                                                                                                                                                  
                                                                                                                                                  
                                                                     UNIT  = 0.01 MJ/m**2                                                         
                        STATION    : Abashiri                                                                                                     
                        STATION NO.: 47409                                                                                                        
                        LOCATION   : 144ﾟ17' E                                                                                                    
                                      44ﾟ01' N                                                                                                    
                        ALTITUDE   :   37.6  m                                                                                                    
                        YEAR/MONTH : 2021/03                                                                                                      
                                                                                                                                                  
              DATE   -01  -02  -03  -04  -05  -06  -07  -08  -09  -10  -11  -12  -13  -14  -15  -16  -17  -18  -19  -20  -21  -22  -23  -24  TOTAL
                                                                                                                                                  
               3 1    94   95   99  100  103  100   98   94   93   95   97   99  109  108  107  105  105  102   99  105  105  105  105  105   2427
               3 2   105  105  105  104  104  104  104  104  105  106  106  106  106  106  106  106  106  106  105  104  103  102  101   99   2508
               3 3    96   96   96   94   76   62   62   62   64   67   77   73   74   65   65   65   66   66   65   65   65   66   67   66   1720
               3 4    67   67   69   79   88   92   81   75   77   79   80   80   81   82   83   84   84   83   83   84   92   91   92   96   1969
               3 5    95   93   93  100   99  100  101   99   97   91   93   95   97   97   98   97   96   95   95   94   95   94   94   95   2303
               3 6    96  104  114  111  110  109  108  107  103  100   96   95   92   95   91   90   78   74   67   79   69   68   70   83   2209
               3 7    64   75   72   66   65   76   84   81   67   71   76   83   75   72   73   71   71   70   70   70   70   71   83   75   1751
               3 8    83   78   91   88   96   94   77   81   89   96   92  105  107  103  101   88   85   79   75   82   80   74   73   73   2090
               3 9    72   71   71   71   72   71   71   71   72   73   75   76   77   78   79   80   81   81   81   82   83   78   76   76   1818
               310    77   81   83   81   81   89  103  103  107  110  110  102  112  112  110  110  109  109  109  108  107  108  107  105   2433
               311    95   77   74   74   75   76   76   77   77   78   79   80   92  100  105   95   86   83   83   83   83   83   86   99   2016
               312   107  106  102  100   95   82   81   81   82   82   83   83   82   82   82   81   80   79   78   78   77   76   76   76   2031
               313    75   75   75   74   74   74   74   76   77   79   81   83   85   85   84   84   85   88   92   93   92   91   94   93   1983
               314    90   84   84   87   89   95   98   90   85   86   88   97  104  114  115  112  113  107  112  114  114  114  113  114   2419
               315   114  114  113  113  113  112  112  109  110  110  112  113  115  116  116  116  116  115  115  110  107   86   86   83   2626
               316    80   78   77   78   79   81   83   79   81   83   89   96   94   93  100  101  103  101  102   93   96   95   88   93   2143
               317    99  100   94   92   87   91   99  112  112  112  105  105  108  108  111  111  110  110  110  111  111  111  112  111   2532
               318   111  110  109  108  108  108  107  106  106  106   91   87   98   97   91   84   85   90   95  102   87   80   80   83   2329
               319    90  100  101   91   89   91   94  103  105   98   86   95   88   92   93  100  104  103  105  105  104  104  101   89   2331
               320    78   78   77   75   74   74   74   75   75   75   75   74   75   76   75   80   90   93   95  100  101   97   96  100   1982
               321   102  104  106  107  107  107  107  107  108  107  110  111  110  109  114  114  114  114  114  116  116  117  118  115   2654
               322   116  119  116  116  112  110  111  102  102   99   90   87   90   94  103  105  103   95   92   94  100   89   84   84   2413
               323    95   85   86   83   81   81   83   83   83   88   96  103  105   93  103   90   84   85   89   96  103  102  101   91   2189
               324    88   90   91   90   91   91   92   93   94   95   96   94   93   92   89   87   87   89   95   92   93   94   96   97   2209
               325    95   95   99  101  102  104  104  103  106  108  107  110  109  111  110  111  111  113  114  112  106  109  105  109   2554
               326   115  114  114  113  112  112  112  111  111  111  111  111  111  111  111  111  110  111  110  109  108  107  104  100   2650
               327    89   83   75   74   76   75   75   75   76   76   77   78   80   83   83   82   83   89   89   90  103  102  109  112   2034
               328   108  110   95   99   91   90   90   97   96   94  101   97  101  104  100  101  103  104  109  115  121  122  125  125   2498
               329   123  124  124  118  115  118  119  121  121  115  119  118  118  118  118  116  112  104  102  103  109  107  109  122   2773
               330   101   99  100   99   97   99  104  106  103  100  100  107  106  111  102   99   98  101  104  103  105  108  105  104   2461
               331   101  100  101  103  102   99  105  106  107  107  104  104  104  104  102  101  101  112  114  105   93   91   91   90   2447
              ------------------------------------------------------------------------------------------------------------------------------------
              TOTAL 2921 2910 2906 2889 2863 2867 2889 2889 2891 2897 2902 2947 2998 3011 3020 2977 2959 2951 2968 2997 2998 2942 2947 2963  70502
              MEAN    94   94   94   93   92   92   93   93   93   93   94   95   97   97   97   96   95   95   96   97   97   95   95   96   2274
              MAX    123  124  124  118  115  118  119  121  121  115  119  118  118  118  118  116  116  115  115  116  121  122  125  125   2773
                N     31   31   31   31   31   31   31   31   31   31   31   31   31   31   31   31   31   31   31   31   31   31   31   31     31
              NOTE                                                                                                                                
                                                                                                                                                  
                   *): WITH MISSING DATA; TOTAL,MEAN,MAXIMUM ESTIMATED                                                                            
                                                                                                                                                  
                                                                                                                                                  
