                                                                                                                                                  
                                                                                                                                                  
                                                                *******************************                                                   
                                                                  DOWNWARD LONGWAVE RADIATION                                                     
                                                                *******************************                                                   
                                                                                                                  COUNTRY = JAPAN                 
                                                                                                                                                  
                                                                                                                                                  
                                                                     UNIT  = 0.01 MJ/m**2                                                         
                        STATION    : Abashiri                                                                                                     
                        STATION NO.: 47409                                                                                                        
                        LOCATION   : 144ﾟ17' E                                                                                                    
                                      44ﾟ01' N                                                                                                    
                        ALTITUDE   :   37.6  m                                                                                                    
                        YEAR/MONTH : 2021/04                                                                                                      
                                                                                                                                                  
              DATE   -01  -02  -03  -04  -05  -06  -07  -08  -09  -10  -11  -12  -13  -14  -15  -16  -17  -18  -19  -20  -21  -22  -23  -24  TOTAL
                                                                                                                                                  
               4 1    89   89   89  103  112  111  109  110  110  107   98   87   89   90   88  104  105  107  113  111   90   86   86   85   2368
               4 2    85   84   85   85   84   84   85   86   88   90   92   92   92   92   95   98  101  104   97  100  106  107  104  106   2242
               4 3   107  105  105  105  108  109  111  112  114  116  118  119  119  120  122  124  124  125  125  126  123  123  127  123   2810
               4 4   124  123  120  118  117  116  115  114  113  113  113  113  113  116  116  114  113  113  112  111  111  111  111  110   2750
               4 5   109  109  108  107  105  105  104   95   97   92   85   80   79   79   79   78   78   78   78   78   78   78   78   78   2135
               4 6    78   78   78   78   78   78   79   81   82   84   86   88   89   89   90   90   90   88   88   88   89   91   88   85   2033
               4 7    86   87   81   79   79   80   84   89   94   97   92   94   95   94  100   95   90   89   88   87   86   86   87   85   2124
               4 8    87   86   86   86   89   85   85   88  102   99  109  110  106  108  103   96   87   81   79   78   77   77   77   77   2158
               4 9    77   76   76   76   75   74   76   90  106  109  108  105  107  106  108  105  107  107  107  102  101   97   90   83   2268
               410    80   79   79   78   77   78   79  100   96   84   85   85   86   86   86   86   86   86   86   86   86   85   84   84   2027
               411    83   82   82   82   82   82   81   82   84   86   87   88   88   88   88   88   89   89   90   90   89   89   90   89   2068
               412    87   87   87   87   88   90   94   95   95   96   96   99  102  103  101   98   99  101  102  106  110  109  110  108   2350
               413   109  109  111  113  113  114  114  116  121  121  123  123  124  125  126  126  123  123  114  118  123  121  118  108   2836
               414   106  104  103  103   97   94   93   93  107  108  113  113  113  112  111  111  110  110  109  107  108  105   95   99   2524
               415    95   86   78   77   77   78   82   82   88  107  105   97  101  103   98   88   98  102   93   88   85   84   83   83   2158
               416    83   84   84   85   94  110  108  109   97   97  106   99  100  101  102  102  107  108  102  100   98  108  110  111   2405
               417   101   97   97   96   96   98  101  107  113  112  111  115  116  118  119  120  122  116  119  121  116  118  123  122   2674
               418   124  124  124  123  121  120  121  120  119  120  121  122  121  123  123  123  123  122  112  118  120  122  122  120   2908
               419   117  114  117  118  118  118  117  115  116  117  115  117  117  XXX  119  120  118  112  110   99   97   99   99   98   XXXX
               420    96   95   94   94   95   95   96   98  100  104  108  107  115  126  112   92   98   90   86   84   81   88   82   81   2317
               421    86   85   87   91   91   90   86   85   88  107  112  106   97  105  113  114  115  115  114  113  113  112  109  106   2440
               422   110  111  110  111  110  110  111  111  112  112  112  112  110  112  111  112  111  111  111  111  111  111  112  112   2667
               423   112  113  113  113  113  113  113  113  114  114  103   89   90   91   92   92   93   93   94   95   96   98  100  100   2457
               424    98  101  102  101  100   97   98  101  107  127  129  127  127  124  113  118  109  114  116  119  120  116  114  113   2691
               425   113  113  113  112  112  113  113  112  112  111  111  111  111  111  110  110  111  110  109  106   94   95   83   79   2575
               426    80   88   83   89   83   78   77   76   77   79   78   78   78   82   96   86   83   81   80   80   82   91   92   83   1980
               427    82   82   82   84   85   84   84   86   87   88   88   89   89   90   91   92   92   92   93   93   93   93   92   96   2127
               428    92   96   98  100  103  102   97  105  104  119  116  114  115  115  102  104  104  108  108  109  116  124  125  125   2601
               429   126  122  116  108  101  101  101  103  103  104  108  111  113  111  109  110  113  116  119  119  121  122  124  124   2705
               430   125  125  124  122  121  121  121  120  119  119  118  118  118  118  118  117  117  115  115  114  115  115  115  115   2845
              ------------------------------------------------------------------------------------------------------------------------------------
              TOTAL 2947 2934 2912 2924 2924 2928 2935 2994 3065 3139 3146 3108 3120 3144 3141 3113 3116 3106 3069 3057 3035 3061 3030 2988  72666
              MEAN    98   98   97   97   97   98   98  100  102  105  105  104  104  105  105  104  104  104  102  102  101  102  101  100   2422
              MAX    126  125  124  123  121  121  121  120  121  127  129  127  127  126  126  126  124  125  125  126  123  124  127  125   2908
                N     30   30   30   30   30   30   30   30   30   30   30   30   30   29   30   30   30   30   30   30   30   30   30   30     29
              NOTE                                                                     *)                                                       *)
                                                                                                                                                  
                   *): WITH MISSING DATA; TOTAL,MEAN,MAXIMUM ESTIMATED                                                                            
                                                                                                                                                  
                                                                                                                                                  
                                                                                                                                                  
