                                                                                                                                                  
                                                                                                                                                  
                                                                *******************************                                                   
                                                                  DOWNWARD LONGWAVE RADIATION                                                     
                                                                *******************************                                                   
                                                                                                                  COUNTRY = JAPAN                 
                                                                                                                                                  
                                                                                                                                                  
                                                                     UNIT  = 0.01 MJ/m**2                                                         
                        STATION    : Abashiri                                                                                                     
                        STATION NO.: 47409                                                                                                        
                        LOCATION   : 144ﾟ17' E                                                                                                    
                                      44ﾟ01' N                                                                                                    
                        ALTITUDE   :   37.6  m                                                                                                    
                        YEAR/MONTH : 2023/12                                                                                                      
                                                                                                                                                  
              DATE   -01  -02  -03  -04  -05  -06  -07  -08  -09  -10  -11  -12  -13  -14  -15  -16  -17  -18  -19  -20  -21  -22  -23  -24  TOTAL
                                                                                                                                                  
              12 1    69   69   69   69   69   69   78   82   83   78   78   77   76   77   72   71   70   79   74   75   74   92   97   77   1824
              12 2    74   73   73   73   72   72   71   70   71   72   73   74   76   76   76   77   77   83   87   93   98   90   80   82   1863
              12 3    94  101  103  104  104  104  104  104  106  106  108  108  108  107  108  107  101  108  110  107  101   93  107   92   2495
              12 4    82   81   81   81   80   80   80   80   80   81   82   83   85   86   85   85   84   84   84   83   82   83   82   82   1976
              12 5    81   82   82   84   89   95   91   94  108  105  103  104   98  105  114  113  112   95   88   88   88   87   87   88   2281
              12 6    90   88   87   87   87   87   87   87   88   89   90   90   91   92   91   91   93   92   91   91   92   91   91   90   2153
              12 7    91   94   97   96  105  115  110  116  116  121  123  123  120  112  111  111  115  113  110  114  116  118  119  112   2678
              12 8    99   98   88  102  101   81   81   80   80   83   85   80   81   81   80   81   84   80   80   81   82   84   86   95   2053
              12 9    93   98   91   91   94  104  109  116  118  118  116  112  110  109  117  110  125  124  116   97  110  106   96   96   2576
              1210   101  107  100   90   85   82   79   78   78   77   81   79   79   78   77   75   74   73   74   73   79   75   73   73   1940
              1211    73   73   82   79   74   72   73   72   73   73   75   77   80   77   78   74   74   75   76   75   75   74   76   81   1811
              1212    83   91   95   98  102  103  104  104  106  106  106  106  108  107  107  107  107  108  107  105  107  107  105  106   2485
              1213   106   99   82   75   81   77   77   83   75   74   89  100  101  105  106   96   76   72   71   70   69   69   69   69   1991
              1214    70   73   89   74   71   69   70   76   76   72   78   78   77   73   72   88   74   71   71   71   71   72   72   72   1780
              1215    75   93   86   80   88   74   76   74   76   78   82   88   94  100  100  100   97   99  100  100  100  101  101   87   2149
              1216    78   78   82  100  103  103  103  104  102  106  106  107  108  110  110  111  111  112  112  111  112  111  109   97   2486
              1217    88   87   84   83   83   83   83   91  107  110  110  111  105   87   90   90   84   94  101  103  105  106  102  100   2287
              1218   100   92  104   99   77   76   75   71   73   75   72   79   69   73   76   69   67   67   69   70   68   69   66   66   1822
              1219    66   70   67   66   66   66   65   65   65   65   66   67   68   69   71   79   83   72   75   77   71   71   76   82   1688
              1220    78   77   78   87   91   91   86   74   72   71   71   72   72   73   73   74   74   71   71   70   70   70   70   70   1806
              1221    69   71   70   70   70   72   71   69   70   69   68   68   68   68   68   69   70   70   70   70   70   70   72   72   1674
              1222    71   71   71   70   69   72   72   70   69   69   70   76   90   95   78   79   75   77   74   73   70   71   73   68   1773
              1223    67   67   71   78   70   68   67   66   65   65   66   67   70   73   90   89   89   85   69   67   66   65   66   66   1712
              1224    69   67   66   65   65   65   65   65   65   66   67   68   69   69   70   70   77   73   78   81   81   86   86   89   1722
              1225    85   77   83   76   72   73   74   74   74   73   74   75   75   77   77   76   77   81   79   79   87   84   75   75   1852
              1226    75   76   78   78   88   98   95   90   87   85   92  103  100   95   88   83   86   80   88   93   92   80   95  105   2130
              1227   102  104  105  102   78   72   76   73   75   76   76   76   85   87   92   80   85   71   70   69   69   69   70   75   1937
              1228    86   71   92   86   94   95   99  101  100  102  102  101  103  101  100  102  102  104  103  105  105  104  104  104   2366
              1229   104  104  104  104  104  104  101   94   81   77   77   77   76   83   86   85   83   97  101  103  102  103  104  102   2256
              1230    99   97  100  100  100  102  101  101  103  104  105  104  105  105  105  103  102  103  102  102   99  100   99   99   2440
              1231   100  100  100  101  101  102  102  103  103  104  104  105  105  105  104  103  104  104  104  103  102  102  102  101   2464
              ------------------------------------------------------------------------------------------------------------------------------------
              TOTAL 2618 2629 2660 2648 2633 2626 2625 2627 2645 2650 2695 2735 2752 2755 2772 2748 2732 2717 2705 2699 2713 2703 2710 2673  64470
              MEAN    84   85   86   85   85   85   85   85   85   85   87   88   89   89   89   89   88   88   87   87   88   87   87   86   2080
              MAX    106  107  105  104  105  115  110  116  118  121  123  123  120  112  117  113  125  124  116  114  116  118  119  112   2678
                N     31   31   31   31   31   31   31   31   31   31   31   31   31   31   31   31   31   31   31   31   31   31   31   31     31
              NOTE                                                                                                                                
                                                                                                                                                  
                   *): WITH MISSING DATA; TOTAL,MEAN,MAXIMUM ESTIMATED                                                                            
                                                                                                                                                  
                                                                                                                                                  
