                                                                                                                                                  
                                                                                                                                                  
                                                                *******************************                                                   
                                                                  DOWNWARD LONGWAVE RADIATION                                                     
                                                                *******************************                                                   
                                                                                                                  COUNTRY = JAPAN                 
                                                                                                                                                  
                                                                                                                                                  
                                                                     UNIT  = 0.01 MJ/m**2                                                         
                        STATION    : Abashiri                                                                                                     
                        STATION NO.: 47409                                                                                                        
                        LOCATION   : 144ﾟ17' E                                                                                                    
                                      44ﾟ01' N                                                                                                    
                        ALTITUDE   :   37.6  m                                                                                                    
                        YEAR/MONTH : 2023/04                                                                                                      
                                                                                                                                                  
              DATE   -01  -02  -03  -04  -05  -06  -07  -08  -09  -10  -11  -12  -13  -14  -15  -16  -17  -18  -19  -20  -21  -22  -23  -24  TOTAL
                                                                                                                                                  
               4 1   113  111  105  114  113  114  115  113  112  114  114  114  114  108  112  113  114  113  113  113  114  114  113  113   2706
               4 2   113  112  111  110  109  108  108  107  108  109  108  108  107  100   96   83   80   78   78   78   80   78   78   77   2324
               4 3    77   77   76   76   76   76   76   76   76   77   78   79   79   78   79   78   77   78   78   79   79   79   80   81   1865
               4 4    82   84   87   88   89   91   92   96   99  104  108  110  116  115  109  106  102  101  104  107  109  112  114  112   2437
               4 5   115  116  117  116  113  115  114  111  107  105  108  109  106  105  108  101   98  108  107   95  106  109  111  115   2615
               4 6   118  122  123  125  124  121  118  120  121  121  121  122  121  121  124  129  130  127  127  126  127  122  124  112   2946
               4 7   114  115  118  118  122  123  123  128  128  132  137  135  133  136  136  127  125  124  123  123  123  123  122  121   3009
               4 8   120  119  118  118  118  117  114  117  118  118  118  118  118  117  117  117  117  117  117  116  116  115  115  114   2809
               4 9   114  113  113  113  113  111  111  113  106   89   90   86   86   84   87  105  108   94   95  103  104   85   85   85   2393
               410    84   84   84   84   84   84   85   87   90   95  100  105  111  107  110  100   99   99  100  100  100  100  102  109   2303
               411   111  106  101  102  102  102   99  104  108  119  126  128  116  110  110  114  126  122  121  124  125  119  115  111   2721
               412   112  116  117  121  126  128  128  127  127  123  122  121  114  103  100  114  119  116  110   88   89   94   92   91   2698
               413    91   90   88   91   90   89   90   92   95  106  112  104  109  108  109  105  113  111   96   92   92   93   92   89   2347
               414    91   93   93   92   92   92   92   95   96   97   97   96   96  112  108  114  115  114  113  112  103  109   88   86   2396
               415    86   85   85   85   85   85   86   88   89   91   96   96   95   96   95   98  111  110  105  106  111  113  114  116   2327
               416   118  117  116  116  116  116  117  117  118  118  119  119  119  118  118  117  117  117  117  117  116  115  114  114   2806
               417   114  113  113  113  113  113  113  112  112  111  111  110  110  110  109  111  110  109  103   87   86   83   82   84   2532
               418    83   83   85   85   86   89   85   86   87   88   90   89   89   89   89   89   89   89   91   92   94   93   94   94   2128
               419    91   92   93   94   99   97   98  106  106   99   94   92   90   90   91   91   91   92   94  110   95   95  115  116   2331
               420   116  115  114  117  110   96   95   97  100  105  118  123  123  127  128  128  124  124  122  124  122  120  117  117   2782
               421   123  121  125  120  100   97   93   93   93   94   94   96   97   96   95  102   97   93   92   88   87   87   88   96   2367
               422    98  104  108  106   95   99   99  102   97  100  101  110  110  110  111  113  113  111  110  109  104   93   88   88   2479
               423    88   88  105   98  105  101   89   98  105  106  115  111  108  114  115  115  113  109  114  115  106   97   86   86   2487
               424    89  101  106   93  103   95   91   90   91   92   98   99  107  112  107   99  111   92  104   95   92   88   90   88   2333
               425    86   86   86   84   83   83   88   87   91   93   94   90   87   86   86   86   86   89   91   96   94   98  103  110   2163
               426   110  109  111  112  112  113  119  122  119  122  123  128  128  129  126  127  129  129  126  125  126  126  126  122   2919
               427   120  120  119  118  117  114   95   90   91   89   88   89   89   90   89   89   90   92   92   92   92   93   93   95   2346
               428    96   97   98   99  104  115  103  102  102  109  107  117  120  118  111  108   95   95  102  111  115  116  116  116   2572
               429   117  119  120  109  115  112  109  109  111  110  114  115  115  118  115  115  116  118  119  121  122  123  124  123   2789
               430   125  127  127  127  127  126  126  126  128  130  129  128  131  122  123  122  129  128  112  105  100  106  102  100   2906
              ------------------------------------------------------------------------------------------------------------------------------------
              TOTAL 3115 3135 3162 3144 3141 3122 3071 3111 3131 3166 3230 3247 3244 3229 3213 3216 3244 3199 3176 3149 3129 3098 3083 3081  75836
              MEAN   104  105  105  105  105  104  102  104  104  106  108  108  108  108  107  107  108  107  106  105  104  103  103  103   2528
              MAX    125  127  127  127  127  128  128  128  128  132  137  135  133  136  136  129  130  129  127  126  127  126  126  123   3009
                N     30   30   30   30   30   30   30   30   30   30   30   30   30   30   30   30   30   30   30   30   30   30   30   30     30
              NOTE                                                                                                                                
                                                                                                                                                  
                   *): WITH MISSING DATA; TOTAL,MEAN,MAXIMUM ESTIMATED                                                                            
                                                                                                                                                  
                                                                                                                                                  
                                                                                                                                                  
