                                                                                                                                                  
                                                                                                                                                  
                                                                *******************************                                                   
                                                                  DOWNWARD LONGWAVE RADIATION                                                     
                                                                *******************************                                                   
                                                                                                                  COUNTRY = JAPAN                 
                                                                                                                                                  
                                                                                                                                                  
                                                                     UNIT  = 0.01 MJ/m**2                                                         
                        STATION    : Abashiri                                                                                                     
                        STATION NO.: 47409                                                                                                        
                        LOCATION   : 144ﾟ17' E                                                                                                    
                                      44ﾟ01' N                                                                                                    
                        ALTITUDE   :   37.6  m                                                                                                    
                        YEAR/MONTH : 2022/09                                                                                                      
                                                                                                                                                  
              DATE   -01  -02  -03  -04  -05  -06  -07  -08  -09  -10  -11  -12  -13  -14  -15  -16  -17  -18  -19  -20  -21  -22  -23  -24  TOTAL
                                                                                                                                                  
               9 1   140  140  140  139  136  135  141  142  141  139  144  140  136  137  138  142  131  134  136  137  136  138  143  137   3322
               9 2   135  134  134  125  123  123  124  125  126  129  129  123  122  123  127  121  120  121  122  120  120  123  139  136   3024
               9 3   121  118  117  116  115  115  116  119  123  121  120  121  126  129  128  129  130  128  125  122  123  123  123  122   2930
               9 4   119  118  118  117  120  123  122  120  122  120  120  120  120  121  121  121  121  122  125  123  121  121  120  124   2899
               9 5   120  122  117  119  124  126  130  130  126  133  127  134  139  138  140  143  143  145  145  145  145  144  145  144   3224
               9 6   135  134  134  135  132  133  132  134  136  138  138  139  138  135  135  136  134  137  128  127  130  139  135  130   3224
               9 7   140  142  137  140  137  132  130  131  130  132  133  134  135  132  130  128  127  126  124  124  124  122  122  120   3132
               9 8   120  120  118  119  118  117  117  117  116  117  118  119  122  122  124  125  129  129  127  130  129  130  131  129   2943
               9 9   131  132  130  128  128  128  125  121  119  120  122  124  124  125  124  124  123  122  124  124  123  120  119  116   2976
               910   117  131  119  111  108  108  109  108  107  108  107  107  106  106  105  104  104  104  104  104  106  106  106  107   2602
               911   108  107  107  107  106  106  107  107  109  112  114  115  118  119  121  122  121  119  117  115  114  113  115  118   2717
               912   116  117  117  116  119  118  119  124  127  128  130  137  133  132  130  130  132  133  127  129  130  130  130  134   3038
               913   131  132  133  133  135  136  133  133  136  135  140  139  132  140  138  139  138  143  134  130  130  125  138  135   3238
               914   116  128  130  135  132  132  130  131  131  128  130  130  123  121  124  112  106  102  102  101  101  102  102  102   2851
               915   102  102  101  101  101  102  102  103  106  109  110  109  108  110  111  112  113  114  116  117  120  121  122  123   2635
               916   126  122  124  127  128  129  131  131  133  133  133  134  134  132  132  134  131  131  130  130  128  128  128  128   3117
               917   123  122  119  121  122  122  135  138  138  140  142  142  144  145  144  144  143  140  135  136  129  130  136  139   3229
               918   132  133  130  136  137  140  135  136  138  139  144  147  149  149  147  145  145  147  148  147  148  147  146  147   3412
               919   146  146  138  137  139  142  141  143  146  143  144  146  147  148  150  152  152  148  144  142  140  140  140  140   3454
               920   140  140  140  139  139  139  137  136  132  130  129  124  111  107  105  106  103  103  103  103  112  105  103  111   2897
               921   117  114  108  107  113  118  119  120  123  123  123  122  120  117  106  102  102  101  101  101  101  102  102  102   2664
               922   102  101  100   99   99   99  100  101  102  103  105  111  121  118  114  114  113  110  108  107  106  108  110  112   2563
               923   117  115  114  121  118  127  129  130  136  139  139  139  140  141  141  140  141  141  141  141  141  140  139  140   3210
               924   144  143  140  141  143  144  144  144  143  143  146  149  150  150  151  147  145  141  134  136  136  130  125  129   3398
               925   127  116  110  110  111  115  115  111  113  123  125  128  122  120  118  118  119  118  116  115  115  118  121  123   2827
               926   124  121  125  125  118  115  113  114  115  116  114  114  114  114  115  116  116  117  117  117  118  117  115  115   2805
               927   115  115  113  113  112  111  110  111  113  116  116  116  116  116  115  117  118  118  117  115  117  114  112  112   2748
               928   114  114  116  119  120  122  120  119  124  129  130  129  130  130  131  127  123  117  113  111  111  110  110  110   2879
               929   111  111  112  111  111  110  112  116  119  121  123  122  126  136  136  136  132  135  134  135  134  127  120  113   2943
               930   115  111  112  112  111  111  111  113  115  117  119  121  122  123  124  124  123  121  118  116  114  113  113  113   2792
              ------------------------------------------------------------------------------------------------------------------------------------
              TOTAL 3704 3701 3653 3659 3655 3678 3689 3708 3745 3784 3814 3835 3828 3836 3825 3810 3778 3767 3715 3700 3702 3686 3710 3711  89693
              MEAN   123  123  122  122  122  123  123  124  125  126  127  128  128  128  128  127  126  126  124  123  123  123  124  124   2990
              MAX    146  146  140  141  143  144  144  144  146  143  146  149  150  150  151  152  152  148  148  147  148  147  146  147   3454
                N     30   30   30   30   30   30   30   30   30   30   30   30   30   30   30   30   30   30   30   30   30   30   30   30     30
              NOTE                                                                                                                                
                                                                                                                                                  
                   *): WITH MISSING DATA; TOTAL,MEAN,MAXIMUM ESTIMATED                                                                            
                                                                                                                                                  
                                                                                                                                                  
                                                                                                                                                  
