                                                                                                                                                  
                                                                                                                                                  
                                                                *******************************                                                   
                                                                  DOWNWARD LONGWAVE RADIATION                                                     
                                                                *******************************                                                   
                                                                                                                  COUNTRY = JAPAN                 
                                                                                                                                                  
                                                                                                                                                  
                                                                     UNIT  = 0.01 MJ/m**2                                                         
                        STATION    : Abashiri                                                                                                     
                        STATION NO.: 47409                                                                                                        
                        LOCATION   : 144ﾟ17' E                                                                                                    
                                      44ﾟ01' N                                                                                                    
                        ALTITUDE   :   37.6  m                                                                                                    
                        YEAR/MONTH : 2023/09                                                                                                      
                                                                                                                                                  
              DATE   -01  -02  -03  -04  -05  -06  -07  -08  -09  -10  -11  -12  -13  -14  -15  -16  -17  -18  -19  -20  -21  -22  -23  -24  TOTAL
                                                                                                                                                  
               9 1   152  153  154  152  153  154  151  152  157  157  157  155  159  160  160  159  158  156  155  154  154  153  153  153   3721
               9 2   151  148  144  143  139  141  141  138  140  139  137  139  138  136  141  140  137  135  147  143  144  136  130  129   3356
               9 3   128  128  127  126  127  127  126  127  127  127  126  128  129  129  129  130  131  132  133  131  131  132  131  130   3092
               9 4   131  136  135  137  135  132  128  136  135  132  136  138  140  142  142  143  141  146  149  150  152  151  147  147   3361
               9 5   148  150  150  150  150  147  147  146  145  144  142  143  142  138  136  137  137  135  139  140  142  134  140  140   3422
               9 6   141  139  140  139  135  132  133  137  150  151  151  151  143  143  146  148  149  149  149  146  146  145  146  135   3444
               9 7   139  144  144  147  142  134  139  131  134  141  135  137  139  134  123  124  118  120  117  111  111  110  110  110   3094
               9 8   110  110  109  109  110  110  111  111  113  113  116  119  120  123  125  125  124  122  121  119  119  121  121  119   2800
               9 9   117  122  121  119  121  124  126  127  126  129  128  134  131  129  131  134  141  142  141  138  137  143  144  140   3145
               910   141  135  144  146  145  145  148  148  146  145  147  146  141  135  128  133  147  147  146  146  141  135  140  143   3418
               911   144  145  145  143  130  127  130  131  130  132  134  134  136  138  146  143  145  146  145  144  144  140  143  145   3340
               912   XXX  XXX  XXX  XXX  XXX  XXX  XXX  XXX  XXX  XXX  XXX  XXX  XXX  XXX  XXX  XXX  XXX  XXX  XXX  XXX  XXX  XXX  XXX  XXX   XXXX
               913   XXX  XXX  XXX  XXX  XXX  XXX  XXX  XXX  XXX  XXX  XXX  XXX  XXX  XXX  XXX  XXX  145  144  144  145  142  143  142  145   XXXX
               914   145  145  148  148  148  148  149  149  149  147  148  148  147  145  144  144  144  143  143  145  145  145  144  144   3505
               915   145  145  144  144  143  142  141  141  141  135  126  118  117  115  115  114  116  117  120  119  120  121  123  123   3085
               916   125  124  126  126  127  126  125  127  126  123  121  123  124  121  122  122  123  123  126  128  128  127  124  123   2990
               917   123  123  122  122  121  120  120  125  126  127  126  128  134  140  141  142  141  138  143  146  148  147  146  146   3195
               918   146  147  149  146  145  145  145  145  146  147  147  147  147  148  148  147  147  147  147  147  146  146  146  147   3518
               919   145  144  146  146  143  134  132  130  129  137  145  146  140  144  141  139  135  134  131  129  134  138  134  130   3306
               920   135  125  119  120  124  125  124  126  125  125  137  141  140  134  127  126  113  111  108  107  107  116  106  106   2927
               921   107  113  117  117  115  115  110  110  119  119  121  123  126  126  127  128  128  131  135  139  139  140  141  140   2986
               922   139  139  138  137  136  137  137  137  138  131  134  131  129  120  117  119  130  123  128  123  117  113  110  109   3072
               923   108  108  109  109  110  113  119  121  121  128  126  130  132  130  125  120  112  113  110  109  108  108  108  108   2785
               924   107  107  106  106  106  112  114  106  106  108  112  112  110  110  110  109  108  108  109  109  110  117  117  111   2630
               925   113  112  112  111  111  110  111  113  115  115  117  120  125  121  123  127  129  131  128  128  127  127  122  121   2869
               926   123  122  123  118  114  114  115  116  117  122  126  127  135  134  141  139  138  142  140  142  139  137  137  139   3100
               927   135  127  120  118  117  117  117  120  123  122  124  124  122  119  120  120  121  127  124  136  126  123  123  121   2946
               928   118  118  119  121  120  124  126  127  132  132  132  132  132  133  136  135  134  134  133  133  133  134  136  137   3111
               929   134  129  119  121  125  124  117  115  116  120  119  121  125  135  127  129  131  118  115  114  113  118  117  110   2912
               930   110  111  111  111  112  116  119  124  126  129  130  129  125  126  129  128  125  124  117  122  128  127  129  130   2938
              ------------------------------------------------------------------------------------------------------------------------------------
              TOTAL 3921 3909 3900 3891 3861 3852 3858 3873 3918 3939 3963 3990 3993 3972 3963 3969 3981 3969 3975 3975 3963 3960 3942 3912  94359
              MEAN   131  130  130  130  129  128  129  129  131  131  132  133  133  132  132  132  133  132  133  133  132  132  131  130   3145
              MAX    152  153  154  152  153  154  151  152  157  157  157  155  159  160  160  159  158  156  155  154  154  153  153  153   3721
                N     28   28   28   28   28   28   28   28   28   28   28   28   28   28   28   28   29   29   29   29   29   29   29   29     28
              NOTE    *)   *)   *)   *)   *)   *)   *)   *)   *)   *)   *)   *)   *)   *)   *)   *)   *)   *)   *)   *)   *)   *)   *)   *)     *)
                                                                                                                                                  
                   *): WITH MISSING DATA; TOTAL,MEAN,MAXIMUM ESTIMATED                                                                            
                                                                                                                                                  
                                                                                                                                                  
                                                                                                                                                  
