                                                                                                                                                  
                                                                                                                                                  
                                                                *******************************                                                   
                                                                  DOWNWARD LONGWAVE RADIATION                                                     
                                                                *******************************                                                   
                                                                                                                  COUNTRY = JAPAN                 
                                                                                                                                                  
                                                                                                                                                  
                                                                     UNIT  = 0.01 MJ/m**2                                                         
                        STATION    : Abashiri                                                                                                     
                        STATION NO.: 47409                                                                                                        
                        LOCATION   : 144ﾟ17' E                                                                                                    
                                      44ﾟ01' N                                                                                                    
                        ALTITUDE   :   37.6  m                                                                                                    
                        YEAR/MONTH : 2024/06                                                                                                      
                                                                                                                                                  
              DATE   -01  -02  -03  -04  -05  -06  -07  -08  -09  -10  -11  -12  -13  -14  -15  -16  -17  -18  -19  -20  -21  -22  -23  -24  TOTAL
                                                                                                                                                  
               6 1   105  109  112  102   94   94   95   95   95   95   94   94   95   95   94   94   95   97   96   97   98   98   98   98   2339
               6 2    97   98   99   99  111   99  100  101  103  102  101  103  106  111  110  108  107  107  107  104   99   98   97   97   2464
               6 3    96   96   97   96   96   97   98   99  100  102  106  107  111  116  120  121  118  114  120  121  112  112  107  103   2565
               6 4   105  108  112  103  101  104  111  113  116  117  120  124  123  118  118  116  125  126  115  108  105  108  111  104   2711
               6 5   104  111  112  127  119  122  127  128  128  129  128  129  129  126  125  124  123  122  122  122  122  123  122  122   2946
               6 6   122  123  123  121  121  121  121  120  117  115  109  114  116  116   97   98  100  110  117  109  108  101  101  119   2719
               6 7   102  101  102  103  103  104  105  107  108  107  106  106  106  107  108  109  110  110  114  115  114  114  113  113   2587
               6 8   113  112  112  112  113  114  117  120  121  121  124  126  126  125  126  126  125  124  125  127  127  131  128  127   2922
               6 9   126  126  126  126  124  123  122  130  130  132  134  134  134  135  135  129  125  127  132  131  119  120  122  121   3063
               610   125  128  128  127  129  131  132  132  137  139  140  140  140  139  138  137  125  124  138  132  120  131  133  131   3176
               611   121  117  118  122  128  130  132  129  127  133  132  134  128  135  124  122  126  132  138  142  140  133  137  135   3115
               612   127  128  133  127  130  132  122  122  124  124  124  126  131  136  127  127  128  127  126  127  127  128  127  126   3056
               613   127  124  123  125  125  128  136  138  138  138  137  135  134  132  132  131  130  131  129  129  129  130  130  130   3141
               614   130  129  129  129  130  130  130  130  130  131  131  131  131  132  131  132  132  132  133  132  132  132  134  130   3143
               615   121  119  116  117  117  118  120  122  124  124  125  126  127  129  130  130  130  129  126  124  128  126  123  124   2975
               616   121  121  120  121  124  127  131  134  141  142  136  136  134  134  133  132  133  135  133  136  135  143  143  140   3185
               617   142  138  127  120  121  122  121  133  120  122  132  135  131  126  128  129  121  121  122  122  133  133  139  140   3078
               618   140  136  136  135  131  130  135  133  134  141  137  141  140  141  138  134  130  136  132  130  127  134  135  137   3243
               619   138  136  134  133  133  136  136  135  134  131  128  132  129  122  125  111  125  129  122  116  108  108  109  110   3020
               620   109  109  111  119  124  122  129  132  134  136  137  137  139  140  141  141  141  141  139  139  141  140  139  138   3178
               621   137  131  135  137  138  137  136  133  137  138  138  138  138  138  137  136  136  137  136  136  136  136  134  134   3269
               622   134  134  134  134  134  134  134  135  135  135  135  135  135  136  137  136  135  135  134  134  134  134  135  134   3232
               623   134  133  133  133  133  133  133  134  134  134  134  134  134  135  135  134  134  134  134  135  135  135  136  131   3214
               624   134  133  135  135  135  136  136  137  137  137  137  137  137  138  138  138  138  138  138  139  139  139  139  136   3286
               625   132  127  125  132  127  131  124  125  126  127  122  121  132  135  127  135  133  132  131  130  130  130  130  131   3095
               626   131  131  131  131  128  124  129  127  124  125  117  115  109  110  111  110  110  110  109  108  108  107  107  107   2819
               627   107  106  106  107  108  109  113  114  116  118  119  119  121  120  126  131  130  134  129  131  126  121  132  122   2865
               628   121  119  119  122  137  134  126  125  126  128  130  128  126  126  125  125  126  128  128  128  138  136  128  128   3057
               629   129  129  129  128  127  126  126  128  129  130  130  131  130  130  132  134  134  135  136  140  134  132  131  129   3139
               630   128  128  127  126  126  127  131  130  129  128  129  127  125  127  129  130  131  131  134  136  130  126  132  140   3107
              ------------------------------------------------------------------------------------------------------------------------------------
              MEAN   122  121  121  122  122  123  124  125  125  126  126  127  127  127  126  125  125  126  127  126  124  125  125  125   2990
              MAX    142  138  136  137  138  137  136  138  141  142  140  141  140  141  141  141  141  141  139  142  141  143  143  140   3286
                N     30   30   30   30   30   30   30   30   30   30   30   30   30   30   30   30   30   30   30   30   30   30   30   30     30
              NOTE                                                                                                                                
                                                                                                                                                  
                   XXX,XXXX: MISSING DATA                                                                                                         
                         *): WITH MISSING DATA; MEAN,MAXIMUM ESTIMATED                                                                            
                         *]: TOO MANY MISSING DATA FOR USE OF STATISTICS                                                                          
                                                                                                                                                  
                                                                                                                                                  
