                                                                                                                                                  
                                                                                                                                                  
                                                                *******************************                                                   
                                                                  DOWNWARD LONGWAVE RADIATION                                                     
                                                                *******************************                                                   
                                                                                                                  COUNTRY = JAPAN                 
                                                                                                                                                  
                                                                                                                                                  
                                                                     UNIT  = 0.01 MJ/m**2                                                         
                        STATION    : Abashiri                                                                                                     
                        STATION NO.: 47409                                                                                                        
                        LOCATION   : 144ﾟ17' E                                                                                                    
                                      44ﾟ01' N                                                                                                    
                        ALTITUDE   :   37.6  m                                                                                                    
                        YEAR/MONTH : 2022/03                                                                                                      
                                                                                                                                                  
              DATE   -01  -02  -03  -04  -05  -06  -07  -08  -09  -10  -11  -12  -13  -14  -15  -16  -17  -18  -19  -20  -21  -22  -23  -24  TOTAL
                                                                                                                                                  
               3 1    77   74   74   93   84   80   77   76   78   79   82   97   98  104  106  106  109  111  108  105  104  102  102   91   2217
               3 2    75   73   72   72   72   73   74   90   99   93   96  106   99   94  104   95   89   77   79   91  100  103   99  102   2127
               3 3    98   84   76   76   76   77   75   79   97  101  103  104  103  101  104  104  102   98   97   88   91   84   76   74   2168
               3 4    77   71   78   88   89   95   92   78   73   74   83   80   76   77   76   76   76   76   76   76   76   77   76   76   1892
               3 5    76   76   77   78   80   82   82   82   82   87   94   94   98  102  102  100  104  102  102  106  112  113  113  105   2249
               3 6   100  105  109  110  110  109  109  110   97   93  103   99  103  103  107  108  109  109  109  109  109  108  107  107   2542
               3 7   105  105  104  102  103  102  101  101   97   92   81   84   94   96   88   82   87   87   85   81   95   93   97   99   2261
               3 8   104  105  100  104  100   99   88   77   80   87   95   99  103   89   87   89   89   83   80   99   98   91   87   92   2225
               3 9    79   78   89   76   75   75   75   75   75   76   77   77   77   78   78   78   79   80   83   88   80   81   88   81   1898
               310    89   96   81   79   79   79   80   80   81   82   83   84   83   83   84   84   84   84   84   84   84   84   83   83   1997
               311    82   82   82   85   90   85   96  101  106  107   95   96   90   90  106  108  101   96  110  114  115  114  115  114   2380
               312   117  116  116  117  116  115  114  115  110  111  112  101   94  105  106  104  104  109  108  109  109  109  108  107   2632
               313   100   99  100  106  106  106   99   99  106  107  106   93   82   81   81   83   92   95  105  103  103  103  101   95   2351
               314    95  104  106  104  102   96   86   86   86   87   86   85   96   95  109  109  101  109  110  109  109  109  109  109   2397
               315   109  108  100  101  107  105  103  106  107  108  110  107  108  107  108  107  107  108  108  108  109  109  110  111   2571
               316   112  113  112  110  110  110  110  111  110  111  110  112  109  111  110  110  107  107  106  107  106  108  104  102   2618
               317   103  103  104  102   88  105  104  106  106  108  101  101   94   91   96   98  108  110  112  111  111  110  111  111   2494
               318   109  109  105  107  105   96   96   82   84   82   80   88   83   85   82   86   97  107  107  107  107  108  108  105   2325
               319   103  100  101  101  103  106  108  108  110  110  111  110  110  110  110  110  109  109  109  109  109  108  108  108   2580
               320   108  108  105  102  104  106  107  107  107  107  107  106   94   79   79   84   89  104  103   96  103   92   76   75   2348
               321    75   76   77   80   82   83   81   81   80   94  101   96  101  108  109  110   97   81   77   75   75   75   75   75   2064
               322    75   75   75   81   97   97   78   78   79   82   89   96  109  109  112  108   96   86   93  101   94   96   85   86   2177
               323    81   80   80   79   79   79   79   80   82   82   83   85   88   85   87   88   94   96   92   93   98   98   99  101   2088
               324   103  104  105  103  101   99  101  100  102  103  104  106  105  107  103   93  107  100  101  104   96   84   92  105   2428
               325   106  106  106   93  100   93   92   82   83   83   83   84   84   85   85   85   87   90   90   95  106  111  112  112   2253
               326   112  107  109  108  111  113  115  115  114  113  115  115  113  115  114  113  114  116  119  121  121  120  121  121   2755
               327   121  120  119  119  118  118  108   97  101   98   93   96   87   87   87   87   86   85   85   84   84   84   83   83   2330
               328    83   83   83   83   84   85   88   85   87  111  114  113  110   98   95  XXX   83   84   85   91   91   83   82   81   XXXX
               329    81   82   81   81   81   80   80   82   85   87   91   91   92   92   92   95  106  106  104  104  103  102  101  101   2200
               330    92   98   99  100  103  103  102  104  101  104  101   97  101  113  112   96  100  108   91   81   79   81   86   90   2342
               331    93   92   89   91   88   84   84   86   84   82   81   81   80   80   90   99  105  106  109  109  109  110  111  112   2255
              ------------------------------------------------------------------------------------------------------------------------------------
              TOTAL 2940 2932 2914 2931 2943 2935 2884 2859 2889 2941 2970 2983 2964 2960 3009 2992 3018 3019 3027 3058 3086 3050 3025 3014  71471
              MEAN    95   95   94   95   95   95   93   92   93   95   96   96   96   95   97   97   97   97   98   99  100   98   98   97   2305
              MAX    121  120  119  119  118  118  115  115  114  113  115  115  113  115  114  113  114  116  119  121  121  120  121  121   2755
                N     31   31   31   31   31   31   31   31   31   31   31   31   31   31   31   30   31   31   31   31   31   31   31   31     30
              NOTE                                                                               *)                                             *)
                                                                                                                                                  
                   *): WITH MISSING DATA; TOTAL,MEAN,MAXIMUM ESTIMATED                                                                            
                                                                                                                                                  
                                                                                                                                                  
