                                                                                                                                                  
                                                                                                                                                  
                                                                *******************************                                                   
                                                                  DOWNWARD LONGWAVE RADIATION                                                     
                                                                *******************************                                                   
                                                                                                                  COUNTRY = JAPAN                 
                                                                                                                                                  
                                                                                                                                                  
                                                                     UNIT  = 0.01 MJ/m**2                                                         
                        STATION    : Abashiri                                                                                                     
                        STATION NO.: 47409                                                                                                        
                        LOCATION   : 144ﾟ17' E                                                                                                    
                                      44ﾟ01' N                                                                                                    
                        ALTITUDE   :   37.6  m                                                                                                    
                        YEAR/MONTH : 2024/09                                                                                                      
                                                                                                                                                  
              DATE   -01  -02  -03  -04  -05  -06  -07  -08  -09  -10  -11  -12  -13  -14  -15  -16  -17  -18  -19  -20  -21  -22  -23  -24  TOTAL
                                                                                                                                                  
               9 1   125  124  124  122  121  120  121  121  125  127  126  128  128  125  125  127  130  131  128  137  134  127  125  135   3036
               9 2   129  134  121  121  120  119  119  119  122  122  124  126  125  126  130  132  137  139  143  146  147  144  145  142   3132
               9 3   135  130  125  122  120  122  121  117  117  118  118  119  119  119  119  119  120  121  120  121  122  123  123  130   2920
               9 4   126  121  121  120  118  117  117  118  120  122  125  128  129  129  127  125  123  122  120  117  116  116  115  116   2908
               9 5   116  115  115  115  114  120  123  125  126  131  135  138  139  138  143  136  143  143  144  142  144  146  146  146   3183
               9 6   146  148  151  150  145  144  141  131  125  125  120  119  119  118  117  117  120  124  122  119  121  118  118  120   3078
               9 7   125  131  129  128  128  126  126  128  129  129  126  126  125  124  120  121  130  137  138  138  134  133  130  128   3089
               9 8   119  115  115  116  117  118  119  121  122  124  126  129  128  128  129  128  127  127  127  128  137  133  132  135   3000
               9 9   139  134  132  126  120  120  117  115  113  112  110  111  111  110  110  110  112  117  132  127  127  116  117  116   2854
               910   113  111  110  110  111  114  113  116  122  129  131  133  137  138  139  140  140  142  140  143  144  143  144  142   3105
               911   144  143  147  152  149  148  147  147  146  144  142  142  139  136  135  127  123  126  128  131  128  134  133  134   3325
               912   134  134  132  131  129  127  126  126  127  126  125  123  120  121  123  121  120  120  122  123  125  125  125  126   3011
               913   125  125  127  129  133  135  136  136  135  133  133  133  135  135  131  139  138  137  134  133  116  107  105  105   3095
               914   107  103  101  102  103  102  102  107  106  106  113  123  120  124  133  136  135  135  136  136  136  136  136  137   2875
               915   138  138  138  137  139  139  140  140  140  140  141  140  140  140  137  138  137  132  112  117  118  110  110  113   3174
               916   118  110  107  106  107  107  107  107  108  110  110  111  110  114  120  119  119  124  123  125  127  128  129  129   2775
               917   132  133  133  133  136  137  137  137  138  125  122  125  134  129  124  125  133  141  138  129  121  120  120  118   3120
               918   117  121  123  121  114  114  114  115  117  118  120  121  119  119  118  119  118  117  116  116  115  114  111  108   2805
               919   109  111  113  116  115  115  126  127  134  118  114  109  110  114  108  108  106  105  105  106  105  106  110  116   2706
               920   120  120  122  128  130  132  133  127  130  139  141  137  129  126  120  118  128  125  129  124  123  117  116  122   3036
               921   115  113  116  118  119  117  117  118  123  126  128  127  119  114  114  112  114  110  105  110  106  110  104  123   2778
               922   125  125  114  102  101  100  100  104  111  116  117  118  119  118  106  106  114  119  128  126  124  124  120  124   2761
               923   126  127  129  119  109  114  108  113  115  106  105  103  104  104  104  106  107  103  102  102  102  101  101  100   2610
               924   100   99  100   99   99   99  101  101  104  106  108  110  111  111  112  111  111  111  111  108  107  106  105  105   2535
               925   104  103  102  102  102  102  102  104  106  108  110  111  112  112  111  111  109  109  109  112  117  120  127  128   2633
               926   124  132  117  112  111  128  132  118  116  127  138  136  139  139  143  131  133  134  131  134  124  121  124  130   3074
               927   126  128  122  133  138  140  140  139  141  142  136  137  141  137  140  141  143  143  142  143  141  141  141  141   3316
               928   140  140  140  140  141  140  140  140  140  139  139  138  138  138  137  137  137  136  136  135  136  136  136  134   3313
               929   133  133  133  134  132  133  134  134  134  135  134  133  134  133  122  110  127  116  107  107  107  107  106  106   2984
               930   105  105  105  105  105  105  106  107  108  110  111  115  117  119  118  118  115  113  112  112  115  119  120  126   2691
              ------------------------------------------------------------------------------------------------------------------------------------
              MEAN   124  124  122  122  121  122  122  122  123  124  124  125  125  125  124  123  125  125  125  125  124  123  122  125   2964
              MAX    146  148  151  152  149  148  147  147  146  144  142  142  141  140  143  141  143  143  144  146  147  146  146  146   3325
                N     30   30   30   30   30   30   30   30   30   30   30   30   30   30   30   30   30   30   30   30   30   30   30   30     30
              NOTE                                                                                                                                
                                                                                                                                                  
                   XXX,XXXX: MISSING DATA                                                                                                         
                         *): WITH MISSING DATA; MEAN,MAXIMUM ESTIMATED                                                                            
                         *]: TOO MANY MISSING DATA FOR USE OF STATISTICS                                                                          
                                                                                                                                                  
                                                                                                                                                  
