                                                                                                                                                  
                                                                                                                                                  
                                                                *******************************                                                   
                                                                  DOWNWARD LONGWAVE RADIATION                                                     
                                                                *******************************                                                   
                                                                                                                  COUNTRY = JAPAN                 
                                                                                                                                                  
                                                                                                                                                  
                                                                     UNIT  = 0.01 MJ/m**2                                                         
                        STATION    : Abashiri                                                                                                     
                        STATION NO.: 47409                                                                                                        
                        LOCATION   : 144ﾟ17' E                                                                                                    
                                      44ﾟ01' N                                                                                                    
                        ALTITUDE   :   37.6  m                                                                                                    
                        YEAR/MONTH : 2021/12                                                                                                      
                                                                                                                                                  
              DATE   -01  -02  -03  -04  -05  -06  -07  -08  -09  -10  -11  -12  -13  -14  -15  -16  -17  -18  -19  -20  -21  -22  -23  -24  TOTAL
                                                                                                                                                  
              12 1   113  121  125  124  118  120  129  119  125  129  131  132  133  134  133  128  119  100   85   83   83   82   82   80   2728
              12 2    80   79   78   80   78   81   94   94   85   95   89   86   84   82   81   77   77   76   77   77   78   78   78   79   1963
              12 3    80   82   92   84   87   88   88   89   92   94   96   96   98   97   97   96   95  114  119  112  105   94   94   93   2282
              12 4   106  115  113  109  112  113  112  111  107  102   96   86   88   93   91  100   88   79   80   78   80   80   78   79   2296
              12 5    79   82  103  104  105   82   75   75   75   76   81   77   78   79   79   80   80   81   81   81   81   81   81   81   1977
              12 6    81   81   81   80   80   80   81   82   82   83   84   85   86   87   88   88   92   90   89   89   87   88   88   88   2040
              12 7    90   89   89   90   91  105  114  102  110   98   98  108  113  116  115  114  111  102   87   99  107  107  112  111   2478
              12 8   111  110  110  102  100  104  103   94   97   90   97   96   92   93   86   85   86   86   86   85   84   85   92   96   2270
              12 9    91   88   87   90   82   81   80   80   80   79   80   79   80   81   82   82   82   81   80   79   80   79   79   78   1960
              1210    78   77   78   78   78   78   78   79   80   81   82   83   83   84   84   84   84   83   82   82   83   81   81   81   1942
              1211    84   85   86   86   88   89   88   88   89   93   97   95   92   97   93   92   97   94   92   94   91   91  113  114   2228
              1212   110  109  114  114  114  106  111  111  111   92   92   93   92   90   92   95   97  102  112  104   97   99  115  104   2476
              1213    97   90  103  104  101   93   81  102   91   75   76   84   91   96  106  105   95   84   84   86   87   79   79   78   2167
              1214    77   77   77   77   79   78   79   93   94   88   94   98   98  102   83   84   84   81   80   84   98   84   89   92   2070
              1215    90  107  107  101   98   99   92   94  105  103  115  114  112  104   93   86   90   98   81   82   81  101  101  101   2355
              1216    93   81   90   78   79   78   78   79   79   80   80   81   84   87   83   85   83   83   80   80   79   79   79   79   1957
              1217    84   88   89  103  106  106  106  108  108  107  109  111  112  112  112  111  110  108  110  108  107  106  106  107   2534
              1218   106  103  103   99   90   94   93   98  101   97   95   93   97   96   80   80   69   80   87   87   83   77   73   66   2147
              1219    77   85   88   86   82   70   67   67   67   69   70   70   70   72   77   85   81   83   90   77   72   73   71   71   1820
              1220    71   72   77   80   85   88   90   88   89   73   74   77   89   92   92   85   86   93   86   81   79   77   75   75   1974
              1221    75   75   89  101  103   98   95   90   88   84   90   84   80   82   82   81   82   92  101  100   85   80   81   89   2107
              1222    79   91  107   87   84   97  100   99  101   86   83   88   86  104  106   94  108  113  110  109  109  103  106  107   2357
              1223   106  105   91   89   89   97   94   95   93   86   84   85   80   88  103   98   81   92  102  100   76   72   71   70   2147
              1224    70   69   69   71   85   73   71   69   74   74   90   96   94   87   93   81   78   69   69   68   67   68   67   68   1820
              1225    72   68   67   67   66   67   73   69   67   67   67   68   68   70   74   69   67   66   65   74   95   94   96  100   1756
              1226   101  100   99  100  101  100  100  100   97   96   95   95   99   88   88   87   86   73   73   73   80   74   77   80   2162
              1227    77   76   84   79   73   76   90   93   86   81   84   77   83   87   93  101   97  103   97   93   83   98   78   94   2083
              1228    96   94   89   82   70   75   94   79   72   68   67   67   68   68   72   90   80   73   70   81   74   79   82   81   1871
              1229    80   79   89   90   91   93   93   90   77   71   71   72   72   74   77   94  100  101  103  104  106   92   82   85   2086
              1230    85   82   83   80   90   90  103  100   91   84   78   91  101  100  104  104  102  104   95   87   92   88   98   93   2225
              1231    90   81   79   74   82   75   68   68   81   91   84   80  101  101   97   94   90   92   74   64   63   63   63   61   1916
              ------------------------------------------------------------------------------------------------------------------------------------
              TOTAL 2729 2741 2836 2789 2787 2774 2820 2805 2794 2692 2729 2747 2804 2843 2836 2835 2777 2776 2727 2701 2672 2632 2667 2681  66194
              MEAN    88   88   91   90   90   89   91   90   90   87   88   89   90   92   91   91   90   90   88   87   86   85   86   86   2135
              MAX    113  121  125  124  118  120  129  119  125  129  131  132  133  134  133  128  119  114  119  112  109  107  115  114   2728
                N     31   31   31   31   31   31   31   31   31   31   31   31   31   31   31   31   31   31   31   31   31   31   31   31     31
              NOTE                                                                                                                                
                                                                                                                                                  
                   *): WITH MISSING DATA; TOTAL,MEAN,MAXIMUM ESTIMATED                                                                            
                                                                                                                                                  
                                                                                                                                                  
