                                                                                                                                                  
                                                                                                                                                  
                                                                *******************************                                                   
                                                                  DOWNWARD LONGWAVE RADIATION                                                     
                                                                *******************************                                                   
                                                                                                                  COUNTRY = JAPAN                 
                                                                                                                                                  
                                                                                                                                                  
                                                                     UNIT  = 0.01 MJ/m**2                                                         
                        STATION    : Abashiri                                                                                                     
                        STATION NO.: 47409                                                                                                        
                        LOCATION   : 144ﾟ17' E                                                                                                    
                                      44ﾟ01' N                                                                                                    
                        ALTITUDE   :   37.6  m                                                                                                    
                        YEAR/MONTH : 2024/01                                                                                                      
                                                                                                                                                  
              DATE   -01  -02  -03  -04  -05  -06  -07  -08  -09  -10  -11  -12  -13  -14  -15  -16  -17  -18  -19  -20  -21  -22  -23  -24  TOTAL
                                                                                                                                                  
               1 1    96   96   96   94   74   75   91   88   89   86   91   94   93   85   92   97   97   97   89   80   73   70   70   70   2083
               1 2    72   72   81   86   87   86   88   92   91   90   93   89   85   93   90   99  105   95   95  105  101  107  110  109   2221
               1 3   109  107  105  106  103  102   93  102  105  103  103  101  100   94   92   77   78   89   92   99   98  100  101  101   2360
               1 4   102  101  100  103  103  103   96   95  103   96   76   76   76   76   76   75   76   76   76   75   75   75   75   75   2060
               1 5    75   75   75   75   74   76   82   89   88   89   89   96  105  107  107  105  105   86   84   83   82   82   82   82   2093
               1 6    82   81   81   80   80   85   84  103   98  107  109  103  105   99   98  106  105  100  103   99   99  100  105  106   2318
               1 7   107  105   97   99   96   92   90   80   77   77   83   85   92   95  106  105  102  103  102   95   85   93   89  103   2258
               1 8   104  105  105   95  104  105  101  107  108  105  105  104  103  102   92   91   93  104   95   74   72   81   84   72   2311
               1 9    77   84   76   75   87   89   90   79   74   81   74   76   78   79   92   96   92   79   79   84   91   95   89   92   2008
               110    80   74   77   89   94  102  100   98   97  100  101   94   88   91   84   69   62   62   62   66   86   89   69   64   1998
               111    63   63   76   81   81   66   66   66   67   68   69   71   72   73   73   73   80   88   89   89   90   81   76   83   1804
               112    79   93   98  103  104   97  107  107  100   92   98   96  103  107  100   92   89   78   80   76   74   72   72   81   2198
               113    89   97   99   99  101  101  102  103  101  100   99   93   94   95   91   94   80   81   89   96   98   98  100   97   2297
               114    98   98   98  100   99   96   89   77   71   72   75   89   91   96   95   88   91   97   97   95   90   94  107  108   2211
               115   108  103   79   78   76   74   77   73   71   72   71   70   70   81   99   97  100   98   99   99   99   98   98   98   2088
               116    96   95   94   89   92   93   93   90   86   79   83   80   81   85   77   70   87   88   88   91   95   71   66   68   2037
               117    74   72   81   85   95   97   95   93   96   96  100  101  101   80   77   87  102  103  103  100  104  104  101  104   2251
               118    97   84   80   80   79   79   79   79   80   82   96  105  102  103  107  107  106   93  103   97   92   90   85   82   2187
               119    89  106  106  104  103  103  102   99  102  103  102  101  101  101   98   95   91   91   96   94   87   83   87   87   2331
               120    90   87   78   82   67   67   70   81   69   68   71   70   79   81   71   71   70   75   79   82   79   74   72   70   1803
               121    70   69   69   69   69   70   70   77   70   71   73   75   85   84   85   91   94   97   97   95   96   98   98   99   1971
               122   100  100   97   98  100  100  101  101  101  102  102  101  100  101  101   99  100  102  101   99  100  101  102  102   2411
               123   102  103  103  104  106  106  106  106  108  107  108  110  110  110  110  111  110  111  110   94   79   78   77   76   2445
               124    75   74   74   74   76   89   96   75   74   74   80   77   80   77   76   82   82  103  103  103  104  105  103  103   2059
               125   102  101  101  101  103  105  106  106  106  106  107  106  106  106  106  106  106  106  106  107  107  106  107  106   2525
               126   106  107  108  109  108  107  107  107  106  106  106  106  106  107  107  106  106  107  107  107  107  107  107  107   2564
               127   106  106  106  106  105  105  105  105  106  106  106  107  107  106  106  106  105  106  107   97  102  105  107  106   2529
               128   105  106  107  107  107  107  107  107  108  109  109  110  110  110  110  106  110  110  110  110  110  109  104  107   2595
               129   105  109  109  109  109  109  110  108  106  107  104  107  107  103   89  100  101   98   97  103  104  102  102   99   2497
               130   101  103  103   91   85   86   82   83  102   81   79   80   85   87   79   78   79   87   86   82   83   80   86   89   2077
               131    79   89   91   88   89   83   87   88   84   79   83   86   90   84   95   94  103  103  101   93   97   93   95  102   2176
              ------------------------------------------------------------------------------------------------------------------------------------
              TOTAL 2838 2865 2850 2859 2856 2855 2872 2864 2844 2814 2845 2859 2905 2898 2881 2873 2907 2913 2925 2869 2859 2841 2826 2848  68766
              MEAN    92   92   92   92   92   92   93   92   92   91   92   92   94   93   93   93   94   94   94   93   92   92   91   92   2218
              MAX    109  109  109  109  109  109  110  108  108  109  109  110  110  110  110  111  110  111  110  110  110  109  110  109   2595
                N     31   31   31   31   31   31   31   31   31   31   31   31   31   31   31   31   31   31   31   31   31   31   31   31     31
              NOTE                                                                                                                                
                                                                                                                                                  
                   *): WITH MISSING DATA; TOTAL,MEAN,MAXIMUM ESTIMATED                                                                            
                                                                                                                                                  
                                                                                                                                                  
