                                                                                                                                                  
                                                                                                                                                  
                                                                *******************************                                                   
                                                                  DOWNWARD LONGWAVE RADIATION                                                     
                                                                *******************************                                                   
                                                                                                                  COUNTRY = JAPAN                 
                                                                                                                                                  
                                                                                                                                                  
                                                                     UNIT  = 0.01 MJ/m**2                                                         
                        STATION    : Abashiri                                                                                                     
                        STATION NO.: 47409                                                                                                        
                        LOCATION   : 144ﾟ17' E                                                                                                    
                                      44ﾟ01' N                                                                                                    
                        ALTITUDE   :   37.6  m                                                                                                    
                        YEAR/MONTH : 2024/08                                                                                                      
                                                                                                                                                  
              DATE   -01  -02  -03  -04  -05  -06  -07  -08  -09  -10  -11  -12  -13  -14  -15  -16  -17  -18  -19  -20  -21  -22  -23  -24  TOTAL
                                                                                                                                                  
               8 1   144  144  144  144  144  145  145  146  146  141  130  126  126  128  129  130  133  139  142  144  146  145  145  145   3351
               8 2   142  145  147  150  150  150  151  152  153  151  150  148  146  147  147  146  146  148  152  151  149  143  144  143   3551
               8 3   140  140  138  138  140  141  143  143  144  146  145  143  143  142  143  150  152  150  151  151  149  150  148  147   3477
               8 4   152  151  152  153  153  152  150  149  148  151  149  150  148  147  147  144  145  145  144  144  143  143  143  142   3545
               8 5   142  141  141  141  141  141  142  142  144  144  144  145  144  144  145  145  145  145  145  145  145  147  147  147   3452
               8 6   146  147  146  145  140  132  132  133  133  135  137  136  137  140  139  145  146  145  143  141  140  140  140  141   3359
               8 7   140  141  141  150  152  153  144  144  146  149  154  154  151  152  155  152  153  150  147  147  149  151  150  148   3573
               8 8   149  150  150  151  154  154  155  155  155  156  156  156  155  153  154  152  151  150  149  147  151  153  150  139   3645
               8 9   139  140  144  148  153  153  150  146  148  150  154  155  149  154  151  151  151  151  150  144  140  136  147  152   3556
               810   152  152  151  150  150  150  145  135  143  150  150  149  148  148  147  146  146  145  145  146  145  144  144  144   3525
               811   143  143  143  143  143  143  142  140  136  143  143  144  144  143  144  143  144  145  145  145  145  145  144  143   3436
               812   145  145  145  137  132  133  130  133  136  139  140  143  141  143  145  145  145  146  145  143  143  143  143  142   3382
               813   142  142  142  140  141  142  144  146  148  150  151  153  154  153  154  153  151  148  147  145  144  143  142  142   3517
               814   141  141  141  141  142  143  143  147  153  142  143  145  143  142  140  141  141  144  154  154  153  153  152  151   3490
               815   150  149  149  147  146  146  146  146  146  146  147  147  147  147  145  146  145  144  145  145  145  144  144  145   3507
               816   145  144  144  144  145  144  145  144  142  137  142  146  146  139  145  147  141  145  145  145  145  145  145  145   3455
               817   145  143  140  134  132  140  139  137  141  137  138  139  144  148  150  148  138  137  144  141  142  148  148  148   3401
               818   148  148  148  148  148  147  147  146  146  146  146  145  145  144  144  144  144  144  144  145  144  143  145  145   3494
               819   145  145  140  128  127  137  140  131  130  132  137  146  147  146  148  147  147  146  146  145  145  144  143  142   3384
               820   139  139  136  136  120  115  111  111  112  112  113  112  113  114  115  115  116  116  117  119  120  118  118  117   2854
               821   117  117  115  115  117  115  115  117  118  119  118  119  120  119  119  119  122  124  124  125  125  124  125  124   2872
               822   122  121  123  122  124  123  130  126  131  139  138  142  147  150  149  149  145  146  148  149  151  152  152  152   3331
               823   153  152  153  153  154  154  151  149  150  155  157  158  157  157  159  155  155  154  151  156  158  161  153  148   3703
               824   144  148  146  146  147  146  149  145  146  145  148  144  137  146  147  147  147  146  145  132  125  123  122  124   3395
               825   137  131  136  140  142  144  143  139  142  141  144  144  144  144  144  144  145  131  136  126  125  126  126  127   3301
               826   128  138  137  139  139  138  138  143  145  146  146  147  147  142  140  136  136  138  139  140  138  139  142  143   3364
               827   142  142  142  144  146  146  149  150  150  148  149  149  149  149  149  151  153  151  150  148  149  149  148  147   3550
               828   145  145  145  145  143  143  142  143  141  143  141  141  140  138  137  137  142  138  143  145  146  145  146  146   3420
               829   136  131  130  128  128  129  129  129  131  132  132  133  133  134  137  137  139  141  141  140  143  145  143  143   3244
               830   143  143  146  142  140  139  142  140  141  154  148  150  153  147  147  147  145  142  138  138  138  137  137  139   3436
               831   142  146  150  147  150  153  150  152  154  156  157  151  149  150  151  154  152  150  151  149  145  134  130  127   3550
              ------------------------------------------------------------------------------------------------------------------------------------
              MEAN   142  142  142  142  141  142  141  141  142  143  143  144  143  144  144  144  144  143  144  143  143  142  142  142   3423
              MAX    153  152  153  153  154  154  155  155  155  156  157  158  157  157  159  155  155  154  154  156  158  161  153  152   3703
                N     31   31   31   31   31   31   31   31   31   31   31   31   31   31   31   31   31   31   31   31   31   31   31   31     31
              NOTE                                                                                                                                
                                                                                                                                                  
                   XXX,XXXX: MISSING DATA                                                                                                         
                         *): WITH MISSING DATA; MEAN,MAXIMUM ESTIMATED                                                                            
                         *]: TOO MANY MISSING DATA FOR USE OF STATISTICS                                                                          
                                                                                                                                                  
