                                                                                                                                                  
                                                                                                                                                  
                                                                *******************************                                                   
                                                                  DOWNWARD LONGWAVE RADIATION                                                     
                                                                *******************************                                                   
                                                                                                                  COUNTRY = JAPAN                 
                                                                                                                                                  
                                                                                                                                                  
                                                                     UNIT  = 0.01 MJ/m**2                                                         
                        STATION    : Abashiri                                                                                                     
                        STATION NO.: 47409                                                                                                        
                        LOCATION   : 144ﾟ17' E                                                                                                    
                                      44ﾟ01' N                                                                                                    
                        ALTITUDE   :   37.6  m                                                                                                    
                        YEAR/MONTH : 2022/07                                                                                                      
                                                                                                                                                  
              DATE   -01  -02  -03  -04  -05  -06  -07  -08  -09  -10  -11  -12  -13  -14  -15  -16  -17  -18  -19  -20  -21  -22  -23  -24  TOTAL
                                                                                                                                                  
               7 1   130  130  130  130  126  124  122  119  127  122  115  116  120  127  123  128  133  136  134  131  123  124  123  122   3015
               7 2   121  121  121  122  122  123  124  125  125  124  124  125  126  124  125  128  129  132  134  133  134  134  137  133   3046
               7 3   133  134  135  132  133  140  140  143  142  143  143  144  144  142  143  146  145  142  142  142  140  137  137  135   3357
               7 4   134  130  130  132  136  138  136  131  128  127  128  130  132  136  145  147  148  146  143  140  137  141  140  144   3279
               7 5   144  142  141  142  142  144  145  144  146  146  146  145  144  145  130  129  140  144  143  143  142  141  141  141   3410
               7 6   141  141  141  140  140  141  142  144  145  145  134  132  143  130  126  126  128  130  130  127  125  124  123  122   3220
               7 7   121  121  120  120  121  122  124  126  128  129  131  133  133  132  134  134  132  131  127  124  122  121  120  120   3026
               7 8   120  119  119  120  120  121  124  126  129  131  134  134  132  132  132  131  130  127  124  123  120  119  116  115   2998
               7 9   113  116  119  117  118  121  126  130  135  140  139  140  148  145  142  143  145  140  142  140  133  131  132  142   3197
               710   138  135  130  137  140  139  142  137  143  138  144  146  149  142  139  137  139  136  134  133  131  133  137  144   3323
               711   146  136  145  140  137  139  141  135  136  149  141  144  145  145  150  151  149  150  149  147  146  147  147  146   3461
               712   141  135  136  146  144  147  148  147  143  148  154  149  144  143  144  144  142  141  141  140  138  137  136  133   3421
               713   131  131  131  130  131  131  133  142  136  133  134  133  132  141  144  144  144  143  142  142  141  141  140  140   3290
               714   140  139  139  138  138  139  139  140  128  135  129  130  127  124  130  128  135  139  134  125  128  123  123  119   3169
               715   118  117  117  117  117  117  118  120  121  122  123  124  124  124  123  122  121  119  119  117  117  116  117  116   2866
               716   116  117  117  117  118  119  120  124  122  126  131  139  137  138  138  137  136  136  135  134  135  136  138  139   3105
               717   140  140  140  139  141  141  140  141  140  141  142  142  143  143  144  144  143  143  144  145  143  142  142  138   3401
               718   138  132  135  138  142  140  138  133  131  129  130  130  131  132  132  140  145  146  146  144  144  143  143  143   3305
               719   140  140  143  143  141  132  126  125  137  130  136  139  130  125  125  125  124  125  133  140  133  137  138  142   3209
               720   140  137  136  138  138  138  139  138  138  138  137  138  138  138  138  137  136  136  135  135  135  135  135  135   3288
               721   135  136  136  134  134  133  133  135  135  135  136  134  127  136  118  116  115  119  128  122  117  116  116  116   3062
               722   116  117  121  136  139  139  138  139  139  138  122  123  128  129  134  137  137  131  128  134  136  137  136  137   3171
               723   138  138  138  137  137  138  138  138  138  139  139  139  139  140  139  140  140  140  140  140  141  141  140  140   3337
               724   139  140  140  140  140  140  140  140  141  141  142  143  143  142  141  141  140  139  139  139  139  139  140  140   3368
               725   140  140  140  140  141  141  142  141  141  142  144  133  124  127  124  124  131  134  126  136  140  140  136  131   3258
               726   137  125  126  125  124  124  125  125  125  126  127  127  127  127  129  131  139  141  145  136  138  136  131  139   3135
               727   131  131  135  135  130  136  140  134  131  140  136  135  131  130  130  131  137  143  140  142  144  140  129  138   3249
               728   139  128  135  144  145  146  147  147  147  147  147  146  136  132  137  142  144  144  143  142  141  141  142  142   3404
               729   141  143  142  142  143  143  143  143  144  144  143  144  144  137  134  134  137  135  128  141  145  146  145  145   3386
               730   144  132  134  132  132  132  133  135  136  137  135  135  135  135  136  138  141  141  141  142  142  142  141  139   3290
               731   138  138  139  140  140  143  145  144  145  156  155  155  147  151  153  152  149  142  143  142  142  142  142  141   3484
              ------------------------------------------------------------------------------------------------------------------------------------
              TOTAL 4143 4081 4111 4143 4150 4171 4191 4191 4202 4241 4221 4227 4203 4194 4182 4207 4254 4251 4232 4221 4192 4182 4163 4177 100530
              MEAN   134  132  133  134  134  135  135  135  136  137  136  136  136  135  135  136  137  137  137  136  135  135  134  135   3243
              MAX    146  143  145  146  145  147  148  147  147  156  155  155  149  151  153  152  149  150  149  147  146  147  147  146   3484
                N     31   31   31   31   31   31   31   31   31   31   31   31   31   31   31   31   31   31   31   31   31   31   31   31     31
              NOTE                                                                                                                                
                                                                                                                                                  
                   *): WITH MISSING DATA; TOTAL,MEAN,MAXIMUM ESTIMATED                                                                            
                                                                                                                                                  
                                                                                                                                                  
