                                                                                                                                                  
                                                                                                                                                  
                                                                *******************************                                                   
                                                                  DOWNWARD LONGWAVE RADIATION                                                     
                                                                *******************************                                                   
                                                                                                                  COUNTRY = JAPAN                 
                                                                                                                                                  
                                                                                                                                                  
                                                                     UNIT  = 0.01 MJ/m**2                                                         
                        STATION    : Abashiri                                                                                                     
                        STATION NO.: 47409                                                                                                        
                        LOCATION   : 144ﾟ17' E                                                                                                    
                                      44ﾟ01' N                                                                                                    
                        ALTITUDE   :   37.6  m                                                                                                    
                        YEAR/MONTH : 2023/01                                                                                                      
                                                                                                                                                  
              DATE   -01  -02  -03  -04  -05  -06  -07  -08  -09  -10  -11  -12  -13  -14  -15  -16  -17  -18  -19  -20  -21  -22  -23  -24  TOTAL
                                                                                                                                                  
               1 1    78   81   81   80   81   87   95   94  103  102  107  104  108  106  102   90   88   75   74   77   76   70   71   85   2115
               1 2    79   77   77   92   88   94   87   79   91   67   65   73   74   66   69   64   64   64   72   90   91   92   87   69   1871
               1 3    66   64   67   66   65   71   69   68   68   65   67   67   68   71   69   70   74   67   69   66   64   64   64   75   1624
               1 4    67   80   72   65   67   73   64   65   69   65   63   64   64   65   65   67   68   65   65   65   65   65   65   65   1598
               1 5    65   65   67   65   65   76   77   74   88   84   81   93  101   97   81   99   94   99  100   92   73   90   85   79   1990
               1 6   100   95   89   91   89   99   96   96   99   95   87   75   75   76   79   79   85   79   88   98   92   96  100   99   2157
               1 7    80   76   94   97   90   91   93  100  100   93   80   74   73   72   73   73   72   72   73   76   93   97   97   84   2023
               1 8    76   90   91   73   75   74   70   75   71   71   71   79   83   73   71   71   72   72   72   71   71   71   71   72   1786
               1 9    74   76   84   84   83   87   90   87   94   97   97   89   84   84   84   86   88   98   98  105  108  102  103  106   2188
               110   104  102  101   99   98   98   92   97   94   80   80   89   90   91   92   89   93   95   93  100  101  100  101  101   2280
               111    98   98   91   88   75   75   81   83   80   90  100   95  101  102  102  104  106  104  105  105  105  105  105  100   2298
               112   103   96   88   87   87   88   99  104   82   82   82   83   84   84   84   84   83   83   83   83   83   83   82   82   2079
               113    82   81   81   80   79   80   81   81   81   83   86   93  100  107  106  110  107  106  103  102   93   92  104  116   2234
               114   115  114  114  114  112  111  111  110  108  105  105  105  104  103  102  103  103  101   99   99   98   98   98   99   2531
               115    97   94   96   97   96   93   93   84   95   97   86   92   87   89   78   76   82   76   69   68   67   72   74   75   2033
               116    80   77   75   89   94   95   98   99   98   99  101  100  101  101  102  100  100   98   97   96   87   81   85   80   2233
               117    85   78   71   88   84   67   73   68   66   66   67   70   69   68   70   80   76   73   76   86   84   76   69   69   1779
               118    75   77   71   69   74   71   74   79   86   86   83   71   75   74   85   78  100   99  101   94   94   82   92   96   1986
               119    98   96   94   96   96   96   95   95   91   75   67   70   74   76   81   69   68   68   68   68   68   68   70   77   1924
               120    84   89   93   99  100  100   97   93  101  100   79   75   75   75   75   74   75   91  104  104  103  102  101  100   2189
               121   101  101  100   98   97   89   84   81   67   75   68   84   84   89   81   88   95   88   94   95   94   96   92   92   2133
               122    70   69   69   64   73   64   63   62   63   64   65   67   77   93   94   96   85   90   99   96   72   65   79   84   1823
               123    67   62   62   62   62   62   67   64   64   64   65   66   67   69   68   71   74   77   84   89   94   98   99  100   1757
               124    95   96  100  102  102   73   69   69   70   71   75   82   79   84   90   92   99  102  100   98   94   92   91   89   2114
               125    85   80   70   58   65   91   82   89   78   72   76   66   68   75   76   69   58   57   57   57   58   58   61   79   1685
               126    78   60   78   75   66   64   64   66   66   67   67   67   67   67   67   68   67   73   86   85   88   90   94   94   1764
               127    94   90   88   89   94   84   80   72   69   69   74   71   72   81   98   92   83   95   83   96   92   78   70   69   1983
               128    69   69   68   68   67   67   67   66   67   67   70   69   69   71   72   74   93   92   86   84   82   82   82   82   1783
               129    71   61   62   81   84   92   97   96   99   96   93   78   72   79   73   67   67   67   66   66   66   65   65   64   1827
               130    63   63   63   63   63   62   63   63   64   64   64   64   64   65   67   67   67   67   78   83   83   79   73   74   1626
               131    73   72   79   79   69   67   66   65   66   67   67   68   75   79   79   77   92   78   70   68   67   67   67   67   1724
              ------------------------------------------------------------------------------------------------------------------------------------
              TOTAL 2572 2529 2536 2558 2540 2541 2537 2524 2538 2478 2438 2443 2484 2532 2535 2527 2578 2571 2612 2662 2606 2576 2597 2623  61137
              MEAN    83   82   82   83   82   82   82   81   82   80   79   79   80   82   82   82   83   83   84   86   84   83   84   85   1972
              MAX    115  114  114  114  112  111  111  110  108  105  107  105  108  107  106  110  107  106  105  105  108  105  105  116   2531
                N     31   31   31   31   31   31   31   31   31   31   31   31   31   31   31   31   31   31   31   31   31   31   31   31     31
              NOTE                                                                                                                                
                                                                                                                                                  
                   *): WITH MISSING DATA; TOTAL,MEAN,MAXIMUM ESTIMATED                                                                            
                                                                                                                                                  
                                                                                                                                                  
