                                                                                                                                                  
                                                                                                                                                  
                                                                *******************************                                                   
                                                                  DOWNWARD LONGWAVE RADIATION                                                     
                                                                *******************************                                                   
                                                                                                                  COUNTRY = JAPAN                 
                                                                                                                                                  
                                                                                                                                                  
                                                                     UNIT  = 0.01 MJ/m**2                                                         
                        STATION    : Abashiri                                                                                                     
                        STATION NO.: 47409                                                                                                        
                        LOCATION   : 144ﾟ17' E                                                                                                    
                                      44ﾟ01' N                                                                                                    
                        ALTITUDE   :   37.6  m                                                                                                    
                        YEAR/MONTH : 2023/10                                                                                                      
                                                                                                                                                  
              DATE   -01  -02  -03  -04  -05  -06  -07  -08  -09  -10  -11  -12  -13  -14  -15  -16  -17  -18  -19  -20  -21  -22  -23  -24  TOTAL
                                                                                                                                                  
              10 1   132  135  135  135  132  128  137  134  127  125  129  130  129  125  137  139  140  135  133  131  131  128  123  127   3157
              10 2   120  121  126  118  108  108  113  110  114  113  110  115  128  129  129  131  119  119  123  111  113  118  126  124   2846
              10 3   113  110  113  107  108  107  106  107  115  127  125  133  134  134  125  130  127  122  129  131  129  120  113  115   2880
              10 4   107  111  112  109  110  110  112  112  113  116  119  121  124  122  113  113  112  111  109  108  107  107  109  110   2697
              10 5   111  113  110  107  111  113  120  126  130  134  135  135  138  140  138  131  129  132  132  131  135  131  131  127   3040
              10 6   127  129  130  130  129  127  127  127  128  130  134  136  134  132  131  131  130  130  130  130  130  129  129  129   3119
              10 7   129  130  129  129  129  128  131  129  130  130  130  130  127  128  123  130  129  127  127  127  129  127  127  126   3081
              10 8   129  125  121  115  110  107  109  110  104  105  109  102  103  100  102  108  102  115  101  101  100  100  100   99   2577
              10 9   114  106  101  101  101  100  104  103  103  103  105  107  108  108  109  111  108  106  107  104  103  104  104  105   2525
              1010   107  107  107  110  123  124  125  127  126  126  126  130  130  132  127  121  124  124  125  121  118  113  119  123   2915
              1011   120  119  119  112  113  116  105  108  109  124  121  118  103  100   98   97   97   97   97   97   97   97   99  100   2563
              1012    98   97   97   98   99   97   97   98  101  104  105  109  112  113  113  108  107  107  107  106  106  104  103  103   2489
              1013   102  102  101  101  101  100  100  101  103  105  107  109  109  110  110  110  110  109  110  109  109  108  106  104   2536
              1014   104  104  104  104  103  103  103  102  105  111  114  115  117  115  115  116  114  112  111  110  110  109  108  111   2620
              1015   109  112  109  112  114  111  106  106  111  109  113  110  108  111  114  111  110  115  118  120  122  125  127  131   2734
              1016   132  133  131  126  122  126  128  129  124  110  120  124  122  133  129  120  111  120  105  100  112  119  108   95   2879
              1017   100   98  112  114  109   92   90   91   94  113  117  110  100  107   97  101  106  114  112  120  123  119  114  113   2566
              1018   103  113  102  103  121  125  126  117  117  107  106  104  103  102  104  108  109  105  104  104  105  109  113  108   2618
              1019   110  113  118  122  123  124  128  130  131  131  130  127  125  133  134  131  133  134  135  125  126  129  128  127   3047
              1020   125  124  127  126  127  128  129  131  131  131  131  132  133  133  132  131  131  130  130  130  130  129  126  125   3102
              1021   124  124  122  120  121  121  111   97  100   94  107  100   92   95  102  105  104  101  117  110   94   91   95  106   2553
              1022    88   87   87   86   85   85   94   88   88   90   94   99  106  109  117  119  116  101  104  100   98  102   97  101   2341
              1023    96  104  114  102   97   97   97   96   95   98  102  107  114  116  116  110  113  108  113  107  108  112  108   99   2529
              1024    96   95   94   94   93   93   93   94   95   96   98  100  104  107  105  103  103  102  101  101  101  101  102  102   2373
              1025   102  101  101  104  109  107  103  104  106  106  107  108  108  108  107  107  108  112  114  113  107  106  105  105   2558
              1026   104  104  103  103  103  102  102  102  103  104  105  103  104  104  104  104  104  105  109  109  104  104  104  103   2496
              1027   103  103  103  103  103  102  102  103  104  106  107  109  109  110  110  108  107  105  107  113  119  121  118  113   2588
              1028   128  129  130  129  129  129  129  129  129  129  129  130  129  128  128  127  128  129  129  129  128  129  129  128   3090
              1029   129  129  128  128  127  127  126  126  126  125  124  124  125  124  124  123  123  116  101  115  122  117  106   97   2912
              1030    96   96  103  107  101  117  112   95   95  101  108   99   97   96   96   97   97  101  106   97   97   97   97   97   2405
              1031    97   96   96   96   96   95   96   97   98   99  100  103  105  105  104  104  104  104  105  106  106  106  106  105   2429
              ------------------------------------------------------------------------------------------------------------------------------------
              TOTAL 3455 3470 3485 3451 3457 3449 3461 3429 3455 3502 3567 3579 3580 3609 3593 3585 3555 3548 3551 3516 3519 3511 3480 3458  84265
              MEAN   111  112  112  111  112  111  112  111  111  113  115  115  115  116  116  116  115  114  115  113  114  113  112  112   2718
              MAX    132  135  135  135  132  129  137  134  131  134  135  136  138  140  138  139  140  135  135  131  135  131  131  131   3157
                N     31   31   31   31   31   31   31   31   31   31   31   31   31   31   31   31   31   31   31   31   31   31   31   31     31
              NOTE                                                                                                                                
                                                                                                                                                  
                   *): WITH MISSING DATA; TOTAL,MEAN,MAXIMUM ESTIMATED                                                                            
                                                                                                                                                  
                                                                                                                                                  
