                                                                                                                                                  
                                                                                                                                                  
                                                                *******************************                                                   
                                                                  DOWNWARD LONGWAVE RADIATION                                                     
                                                                *******************************                                                   
                                                                                                                  COUNTRY = JAPAN                 
                                                                                                                                                  
                                                                                                                                                  
                                                                     UNIT  = 0.01 MJ/m**2                                                         
                        STATION    : Abashiri                                                                                                     
                        STATION NO.: 47409                                                                                                        
                        LOCATION   : 144ﾟ17' E                                                                                                    
                                      44ﾟ01' N                                                                                                    
                        ALTITUDE   :   37.6  m                                                                                                    
                        YEAR/MONTH : 2024/03                                                                                                      
                                                                                                                                                  
              DATE   -01  -02  -03  -04  -05  -06  -07  -08  -09  -10  -11  -12  -13  -14  -15  -16  -17  -18  -19  -20  -21  -22  -23  -24  TOTAL
                                                                                                                                                  
               3 1    74   73   75   78   80   78   81   84   86   89   94   98  102  103  107  108  108  106  103  100   94   83   89   90   2183
               3 2   105  104   82   78   95  105  100   85   68   67   81   86   86   86   81   71   68   69   77   71   74   70   72   73   1954
               3 3    77   73   71   70   70   70   70   70   70   72   77   89   94   85   84   77   74   91   99   93   89   80   82   76   1903
               3 4    76   71   71   71   71   71   70   74   94   90   80   93   83   89  XXX   92   79   78   72   70   70   69   69   69   XXXX
               3 5    69   69   70   69   70   74   74   74   87   91   96   99   92   85   97  102  101   90   93   94   87   74   72   72   2001
               3 6    72   71   71   72   71   71   71   71   73   73   74   75   77   76   75   75   77   76   81   87   77   78   83   85   1812
               3 7    78   76   78   73   77   71   77   73   71   80   81   79   75   72   72   73   86   75   84   95   96   90   73   73   1878
               3 8    73   71   72   72   72   71   70   71   71   72   72   72   71   71   72   73   73   73   74   74   73   73   72   71   1729
               3 9    72   71   71   71   72   72   73   80   82   74   74   73   75   75   75   78   84   87   93   97   99  101  100  102   1951
               310    98   79   74   73   75   74   76   89   76   84   77   73   72   72   73   75   76   80   78   85   92   96   93   88   1928
               311    94   88   75   76   76   76   76   78   85   86   91   97  104  106  106  104  102  107  102   88   94  104  106  106   2227
               312   101   85   90   92  102  104  100   97  100  101  102   99   97   94  107  108  105  108  110  108  108  107  106  105   2436
               313   100   96  100  104  100   94  102   99   96   87   80   88   93   76   76   70   70   70   70   72   76   77   72   78   2046
               314    79   74   73   73   73   73   75   88   97  105  107  107  105  100   91  101  103   85   83   87   96   94   94   81   2144
               315    79   75   73   73   74   75   74   74   75   77   80   83   83   88   82   82   82   89  106  106  102   98   82   81   1993
               316    79   77   76   75   75   75   76   79   79   78   78   80   80   89   97   91   92   97   86   80   79   87   86   89   1980
               317    80   80   80   85   93   95   93   96  101  100  104  106  107  108  109  110  112  112  112  113  113  114  113  113   2449
               318   112  111  110  109  109  109  108  108  108  108  108  107  106  106  105  104  101  100  100  100  101   98   89   88   2505
               319    80   76   76   76   82   97   89   85   80   77   74   73   73   73   75   88   89   89   95   93   80   75   75   95   1965
               320    86   81   79   74   74   89  102  101  104  103  104  104  105  104  106  106  107  106  105  106  107  105  106  105   2369
               321   102  104  106  107  105  104  105  104  105  105  105  102   93   87   94   98  100  102  101  101  101  101  100  100   2432
               322    99  101  100  100  100  100  101  100  101  102  102  101   81   76   76   76   76   76   77   77   78   78   78   78   2134
               323    77   77   76   76   76   76   77   77   79   81   82   82   81   81   81   81   81   81   80   81   81   81   80   80   1905
               324    79   79   79   79   79   79   80   81   82   83   85   86   86   86   85   85   86   87   87   89   94  100   88   84   2028
               325    84   83   84   89   89   83   87   92   98   89   82   81   79   79   78   78   78   78   77   77   77   77   75   75   1969
               326    75   75   75   76   77   78   78   78   78   78   78   79   78   78   79   78   78   79   80   81   79   79   77   76   1867
               327    76   76   79   86   77   79   80   94  100  103   98   80   79   78   78   78   78   77   77   78   78   78   78   77   1962
               328    76   77   77   77   77   77   77   78   78   79   80   81   81   82   85   86   86   93   97   94   89   90   97  105   2019
               329   103  104  106  114  114  111  113  114  117  114  117  116  118  120  123  121  120  122  107  107  103  101   97   96   2678
               330    97   97  102  115  116  116  108   96  111  118  100   99  101   91   95  110  115  106   85   84   85   85   85   85   2402
               331    85   90   92   88   87   87   94  111  116  115  112  104  109  109  100   94   84   84   83   82   82   82   82   87   2259
              ------------------------------------------------------------------------------------------------------------------------------------
              TOTAL 2637 2564 2543 2571 2608 2634 2657 2701 2768 2781 2775 2792 2766 2725 2753 2773 2771 2773 2774 2770 2754 2725 2671 2683  65212
              MEAN    85   83   82   83   84   85   86   87   89   90   90   90   89   88   89   89   89   89   89   89   89   88   86   87   2104
              MAX    112  111  110  115  116  116  113  114  117  118  117  116  118  120  123  121  120  122  112  113  113  114  113  113   2678
                N     31   31   31   31   31   31   31   31   31   31   31   31   31   31   30   31   31   31   31   31   31   31   31   31     30
              NOTE                                                                          *)                                                  *)
                                                                                                                                                  
                   *): WITH MISSING DATA; TOTAL,MEAN,MAXIMUM ESTIMATED                                                                            
                                                                                                                                                  
                                                                                                                                                  
