                                                                                                                                                  
                                                                                                                                                  
                                                                *******************************                                                   
                                                                  DOWNWARD LONGWAVE RADIATION                                                     
                                                                *******************************                                                   
                                                                                                                  COUNTRY = JAPAN                 
                                                                                                                                                  
                                                                                                                                                  
                                                                     UNIT  = 0.01 MJ/m**2                                                         
                        STATION    : Abashiri                                                                                                     
                        STATION NO.: 47409                                                                                                        
                        LOCATION   : 144ﾟ17' E                                                                                                    
                                      44ﾟ01' N                                                                                                    
                        ALTITUDE   :   37.6  m                                                                                                    
                        YEAR/MONTH : 2021/07                                                                                                      
                                                                                                                                                  
              DATE   -01  -02  -03  -04  -05  -06  -07  -08  -09  -10  -11  -12  -13  -14  -15  -16  -17  -18  -19  -20  -21  -22  -23  -24  TOTAL
                                                                                                                                                  
               7 1   137  137  135  121  117  117  119  121  123  124  127  132  127  126  128  130  133  132  125  134  138  137  131  128   3079
               7 2   121  120  121  127  125  127  129  124  128  131  126  125  133  129  121  128  123  121  125  122  121  125  124  120   2996
               7 3   119  122  118  120  120  130  119  132  122  131  128  122  125  135  136  136  136  136  135  135  135  135  135  135   3097
               7 4   135  135  135  135  135  135  135  125  137  138  136  132  122  123  126  133  137  141  132  130  130  125  126  126   3164
               7 5   125  125  126  127  127  127  128  130  133  134  135  136  138  139  139  139  138  137  138  137  138  138  139  140   3213
               7 6   138  133  125  121  120  126  138  137  140  138  125  128  135  142  140  140  140  138  137  139  141  141  137  138   3237
               7 7   139  138  137  139  140  140  137  139  138  135  131  136  139  140  134  129  129  134  142  142  139  140  140  141   3298
               7 8   140  139  138  138  134  138  138  137  139  141  140  139  138  140  140  140  142  138  136  141  138  135  138  138   3325
               7 9   137  138  138  137  138  138  140  136  136  141  142  135  133  130  133  129  130  135  130  128  125  124  123  123   3199
               710   123  125  126  127  127  127  126  128  133  133  134  131  135  134  136  134  136  145  143  140  133  129  138  138   3181
               711   136  134  133  133  131  133  128  129  132  136  134  132  137  141  131  140  145  137  132  131  142  140  142  143   3252
               712   143  140  134  143  136  138  138  146  151  151  151  141  140  141  134  135  135  142  145  146  142  145  144  137   3398
               713   129  131  128  133  137  132  131  146  151  143  136  133  134  133  132  132  133  133  133  132  131  129  128  128   3208
               714   127  126  126  126  126  127  129  130  133  135  135  134  133  131  130  130  133  136  135  133  131  130  129  127   3132
               715   127  126  126  126  126  127  129  131  132  132  131  129  128  127  126  127  128  128  128  129  130  133  133  131   3090
               716   131  129  129  129  129  130  131  131  132  135  134  136  138  134  131  132  135  139  143  140  142  138  134  134   3216
               717   133  133  133  133  133  134  136  138  139  139  139  140  139  138  138  137  138  142  144  141  140  139  137  136   3299
               718   136  134  133  131  130  129  131  131  133  138  139  140  143  141  141  144  144  148  146  146  150  155  153  148   3364
               719   149  147  139  138  137  137  138  137  138  142  139  138  138  141  141  147  146  149  153  151  150  150  152  145   3442
               720   143  146  143  145  145  134  134  136  145  140  141  150  140  142  150  150  150  149  149  150  150  147  147  141   3467
               721   148  141  145  148  148  148  148  148  149  149  149  148  148  148  148  147  147  146  145  145  145  144  144  144   3520
               722   144  144  144  144  144  144  145  146  147  145  127  129  134  145  147  146  146  145  145  139  125  126  139  130   3370
               723   130  130  126  126  131  130  133  132  135  135  134  135  136  135  134  133  134  135  137  139  138  136  136  136   3206
               724   135  134  134  134  135  135  137  138  139  139  139  139  139  139  138  138  139  139  139  141  143  142  140  140   3315
               725   139  139  139  139  139  140  141  141  142  142  140  140  139  139  140  140  141  141  141  139  138  136  134  132   3341
               726   127  124  123  122  123  124  126  129  132  134  133  134  138  136  136  136  136  135  133  131  129  127  127  127   3122
               727   129  130  130  132  133  136  138  139  140  138  139  142  142  143  150  146  153  149  142  140  139  136  136  137   3339
               728   136  134  132  131  132  134  136  137  138  143  146  148  148  149  149  149  148  146  144  141  143  143  143  143   3393
               729   141  140  139  138  138  140  141  143  146  150  154  153  152  148  146  146  144  143  142  140  140  139  138  138   3439
               730   137  137  136  137  137  139  141  142  145  147  150  152  152  155  149  148  147  145  143  141  139  139  139  139   3436
               731   138  136  135  135  134  135  137  138  139  139  138  137  137  136  134  134  134  136  133  133  132  132  132  139   3253
              ------------------------------------------------------------------------------------------------------------------------------------
              TOTAL 4172 4147 4106 4115 4107 4131 4157 4197 4267 4298 4252 4246 4260 4280 4258 4275 4300 4320 4295 4276 4257 4235 4238 4202 101391
              MEAN   135  134  132  133  132  133  134  135  138  139  137  137  137  138  137  138  139  139  139  138  137  137  137  136   3271
              MAX    149  147  145  148  148  148  148  148  151  151  154  153  152  155  150  150  153  149  153  151  150  155  153  148   3520
                N     31   31   31   31   31   31   31   31   31   31   31   31   31   31   31   31   31   31   31   31   31   31   31   31     31
              NOTE                                                                                                                                
                                                                                                                                                  
                   *): WITH MISSING DATA; TOTAL,MEAN,MAXIMUM ESTIMATED                                                                            
                                                                                                                                                  
                                                                                                                                                  
