                                                                                                                                                  
                                                                                                                                                  
                                                                *******************************                                                   
                                                                  DOWNWARD LONGWAVE RADIATION                                                     
                                                                *******************************                                                   
                                                                                                                  COUNTRY = JAPAN                 
                                                                                                                                                  
                                                                                                                                                  
                                                                     UNIT  = 0.01 MJ/m**2                                                         
                        STATION    : Abashiri                                                                                                     
                        STATION NO.: 47409                                                                                                        
                        LOCATION   : 144ﾟ17' E                                                                                                    
                                      44ﾟ01' N                                                                                                    
                        ALTITUDE   :   37.6  m                                                                                                    
                        YEAR/MONTH : 2021/05                                                                                                      
                                                                                                                                                  
              DATE   -01  -02  -03  -04  -05  -06  -07  -08  -09  -10  -11  -12  -13  -14  -15  -16  -17  -18  -19  -20  -21  -22  -23  -24  TOTAL
                                                                                                                                                  
               5 1   115  115  115  114  114  114  113  114  115  116  116  115  114  115  117  115  116  115  114  111  106  105  111  113   2728
               5 2   114  114  114  110  109  114  115  114  113  112  112  112  113  111  112  111  111  110  110  111  110  112  112  111   2687
               5 3   110  110  105  107  111  111  112  112  113  112  114  112  115  117  117  117  115  116  115  115  115  115  115  115   2716
               5 4   116  115  115  115  114  113  113  112  112  110  113  114  112  113  112  113  112  110  112  113  113  112  103   98   2685
               5 5   102  104  111  118  110  113  117  113  116  114  114  118  121  124  124  125  125  125  126  126  121  126  126  122   2841
               5 6   101   99   97   97   95   96   97   98  101  105  116  120  120  121  118  124  119  113  107  106  105  105  104  104   2568
               5 7   103  103  104  104  104  105  106  109  118  120  114  115  117  117  114  114  113  110  109  110  112  112  113  117   2663
               5 8   120  122  123  123  124  125  128  129  129  130  124  115  128  109  110  110  104  108  113  120  119  118  120  105   2856
               5 9   105  105  105  103  102  103  102  103  102  101  106  115  117  116  119  121  119  118  116  117  117  117  116  116   2661
               510   116  116  116  117  117  118  118  119  118  118  117  117  116  117  117  118  118  119  119  119  119  118  117  116   2820
               511   116  115  115  115  114  115  114  114  114  114  114  114  114  113  113  113  113  113  113  113  113  113  113  113   2731
               512   113  113  113  113  113  113  113  114  114  114  105   88   88   88   89   90   91   96   94   98  101  108  107  104   2480
               513   108  112  113  112  110  113  115  117  120  123  124  125  125  127  128  128  117  114  114  116  118  108  109  112   2808
               514   121  114  107  102  102  104  103  103  104  103  103  104  102  102  111  109  111  113  103  100   99   98   99  100   2517
               515   100   99   99   99  100   99  100  101  106  110  116  118  119  123  125  121  120  115  114  108  106  109  115  124   2646
               516   119  123  127  127  127  127  128  128  130  131  135  135  136  135  134  134  135  135  135  135  135  136  136  136   3159
               517   134  134  135  135  134  133  134  134  130  130  131  134  130  127  124  124  126  126  127  127  128  126  124  124   3111
               518   123  123  124  125  125  124  122  121  113  115  118  112   99   99   98   99   97   98  101  104  106  111  114  114   2685
               519   111  107  106  105  102  103  105  107  109  110  113  117  120  124  123  122  118  115  115  118  115  123  126  115   2729
               520   123  119  114  124  120  121  116  108  107  107  107  108  108  108  109  109  110  110  113  114  115  119  118  118   2725
               521   118  119  119  117  120  116  116  123  126  127  130  130  129  128  128  129  128  126  126  126  120  120  126  125   2972
               522   131  131  132  133  132  131  130  129  124  131  131  130  130  130  131  131  131  131  130  128  129  129  129  127   3121
               523   127  127  126  127  128  128  127  128  127  129  129  128  128  126  127  129  128  127  127  127  127  127  126  125   3055
               524   125  126  127  127  127  126  124  123  123  124  125  125  126  126  126  126  125  124  123  124  124  124  124  123   2997
               525   123  123  123  122  121  119  115  109  108  123  129  123  126  130  118  109  107  107  113  106  104  108  105  109   2780
               526   104   98   98   99  104  107  106  105  102  103  106  111  108  115  108  106  102   99   98   98   98   99  100   98   2472
               527    98  100   98   98   99   98  100  103  104  113  118  124  122  123  119  111  118  117  124  125  127  127  126  125   2717
               528   128  131  129  128  128  129  129  129  129  128  126  127  130  115  119  126  122  127  129  127  124  116  118  113   3007
               529   105  108  105  107  121  116  119  126  121  126  122  124  126  128  128  125  125  126  125  124  120  105  104  110   2846
               530   103  105  114  113  106  107  121  122  125  125  126  124  124  124  123  122  121  121  120  120  120  120  120  119   2845
               531   118  118  118  117  118  118  118  117  116  117  117  117  117  118  118  118  118  117  117  117  111   92   91   92   2735
              ------------------------------------------------------------------------------------------------------------------------------------
              TOTAL 3550 3548 3547 3553 3551 3559 3576 3584 3589 3641 3671 3671 3680 3669 3659 3649 3615 3601 3602 3603 3577 3558 3567 3543  86363
              MEAN   115  114  114  115  115  115  115  116  116  117  118  118  119  118  118  118  117  116  116  116  115  115  115  114   2786
              MAX    134  134  135  135  134  133  134  134  130  131  135  135  136  135  134  134  135  135  135  135  135  136  136  136   3159
                N     31   31   31   31   31   31   31   31   31   31   31   31   31   31   31   31   31   31   31   31   31   31   31   31     31
              NOTE                                                                                                                                
                                                                                                                                                  
                   *): WITH MISSING DATA; TOTAL,MEAN,MAXIMUM ESTIMATED                                                                            
                                                                                                                                                  
                                                                                                                                                  
