                                                                                                                                                  
                                                                                                                                                  
                                                                *******************************                                                   
                                                                  DOWNWARD LONGWAVE RADIATION                                                     
                                                                *******************************                                                   
                                                                                                                  COUNTRY = JAPAN                 
                                                                                                                                                  
                                                                                                                                                  
                                                                     UNIT  = 0.01 MJ/m**2                                                         
                        STATION    : Abashiri                                                                                                     
                        STATION NO.: 47409                                                                                                        
                        LOCATION   : 144ﾟ17' E                                                                                                    
                                      44ﾟ01' N                                                                                                    
                        ALTITUDE   :   37.6  m                                                                                                    
                        YEAR/MONTH : 2023/08                                                                                                      
                                                                                                                                                  
              DATE   -01  -02  -03  -04  -05  -06  -07  -08  -09  -10  -11  -12  -13  -14  -15  -16  -17  -18  -19  -20  -21  -22  -23  -24  TOTAL
                                                                                                                                                  
               8 1   145  146  149  138  133  146  146  139  134  139  132  132  133  135  134  136  140  141  140  139  146  143  139  139   3344
               8 2   136  136  140  147  145  141  144  149  153  150  147  152  156  147  151  151  149  145  144  148  146  146  147  144   3514
               8 3   142  142  141  141  142  142  142  147  150  153  156  157  156  155  156  156  155  154  154  155  155  153  155  154   3613
               8 4   153  153  148  150  153  153  154  154  154  157  159  163  163  163  156  153  152  151  151  149  149  147  146  145   3676
               8 5   144  143  142  142  142  142  143  143  143  143  143  143  143  143  144  144  144  144  144  145  144  142  142  139   3431
               8 6   136  143  144  144  144  144  144  143  144  145  145  145  144  144  144  144  144  142  142  142  142  142  142  141   3434
               8 7   141  141  140  140  140  140  140  140  139  140  140  141  141  141  141  141  141  141  142  142  142  142  142  143   3381
               8 8   143  143  143  142  143  142  143  144  145  146  145  144  145  148  148  146  146  149  145  143  137  141  144  142   3457
               8 9   145  149  147  147  147  146  149  151  152  151  151  154  153  150  149  152  153  145  152  149  153  151  151  151   3598
               810   151  150  149  149  149  149  149  150  146  148  149  149  147  145  142  144  141  139  136  134  133  132  131  131   3443
               811   131  130  131  131  130  133  141  142  149  135  132  132  132  137  141  146  146  145  144  143  143  143  143  143   3323
               812   143  143  143  143  142  142  141  141  141  139  141  142  142  143  143  139  143  142  144  144  143  142  143  142   3411
               813   139  143  143  143  144  145  144  145  139  143  137  145  147  144  142  142  145  145  149  149  148  147  147  147   3462
               814   146  145  144  142  144  142  144  131  128  127  127  127  126  126  125  124  122  119  114  113  112  112  112  113   3065
               815   113  114  114  114  115  116  118  120  123  125  130  134  133  132  131  132  131  130  128  128  129  129  129  130   2998
               816   129  132  132  134  134  136  140  139  143  145  149  153  153  150  151  150  148  149  149  150  151  152  150  152   3471
               817   151  150  148  151  149  149  151  152  153  153  153  150  153  152  151  148  146  144  143  143  147  143  141  140   3561
               818   142  153  143  141  139  139  142  147  146  141  139  142  150  147  143  143  143  141  142  142  142  146  147  147   3447
               819   149  150  140  135  134  135  136  138  140  142  143  145  146  145  145  147  150  147  147  145  145  147  147  150   3448
               820   151  148  149  149  149  149  151  152  153  154  154  156  156  155  147  142  140  139  139  139  140  146  142  140   3540
               821   142  143  140  144  146  141  142  139  151  150  150  142  139  138  138  140  146  144  147  148  146  145  141  141   3443
               822   141  140  140  139  138  138  139  140  143  146  149  152  156  153  154  153  152  151  149  148  147  145  144  144   3501
               823   144  143  144  144  145  144  145  146  149  151  149  147  147  148  149  149  149  153  153  150  153  150  149  148   3549
               824   147  146  146  146  146  147  147  147  147  147  147  147  148  148  147  147  148  150  152  155  154  150  150  148   3557
               825   147  149  155  156  148  146  147  149  151  147  155  148  145  145  148  150  152  154  154  156  152  146  145  144   3589
               826   144  144  144  142  143  143  143  144  146  150  153  155  157  159  161  161  160  155  155  154  152  150  148  147   3610
               827   146  145  146  146  146  147  146  150  148  148  153  154  150  151  150  154  146  152  153  153  154  146  141  141   3566
               828   146  146  153  154  154  153  153  152  153  153  152  152  152  151  151  151  150  149  149  148  148  147  146  146   3609
               829   144  144  144  143  143  143  143  142  142  134  141  141  131  132  141  137  135  142  143  143  143  143  141  142   3377
               830   142  142  142  140  140  132  125  127  132  130  132  132  141  146  143  148  146  145  134  131  131  132  131  134   3278
               831   140  138  144  141  139  134  135  138  141  143  145  148  149  149  149  148  149  146  146  149  149  148  149  151   3468
              ------------------------------------------------------------------------------------------------------------------------------------
              TOTAL 4413 4434 4428 4418 4406 4399 4427 4441 4478 4475 4498 4524 4534 4522 4515 4518 4512 4493 4484 4477 4476 4448 4425 4419 107164
              MEAN   142  143  143  143  142  142  143  143  144  144  145  146  146  146  146  146  146  145  145  144  144  143  143  143   3457
              MAX    153  153  155  156  154  153  154  154  154  157  159  163  163  163  161  161  160  155  155  156  155  153  155  154   3676
                N     31   31   31   31   31   31   31   31   31   31   31   31   31   31   31   31   31   31   31   31   31   31   31   31     31
              NOTE                                                                                                                                
                                                                                                                                                  
                   *): WITH MISSING DATA; TOTAL,MEAN,MAXIMUM ESTIMATED                                                                            
                                                                                                                                                  
                                                                                                                                                  
