                                                                                                                                                  
                                                                                                                                                  
                                                                *******************************                                                   
                                                                  DOWNWARD LONGWAVE RADIATION                                                     
                                                                *******************************                                                   
                                                                                                                  COUNTRY = JAPAN                 
                                                                                                                                                  
                                                                                                                                                  
                                                                     UNIT  = 0.01 MJ/m**2                                                         
                        STATION    : Abashiri                                                                                                     
                        STATION NO.: 47409                                                                                                        
                        LOCATION   : 144ﾟ17' E                                                                                                    
                                      44ﾟ01' N                                                                                                    
                        ALTITUDE   :   37.6  m                                                                                                    
                        YEAR/MONTH : 2022/06                                                                                                      
                                                                                                                                                  
              DATE   -01  -02  -03  -04  -05  -06  -07  -08  -09  -10  -11  -12  -13  -14  -15  -16  -17  -18  -19  -20  -21  -22  -23  -24  TOTAL
                                                                                                                                                  
               6 1   125  125  125  125  125  125  125  125  127  127  125  124  125  128  125  127  128  126  128  127  127  127  126  125   3022
               6 2   124  125  124  128  129  127  128  128  128  128  128  129  128  123  105  117  112  126  126  126  126  122  125  126   2988
               6 3   126  126  125  125  125  125  125  126  126  126  126  126  125  125  125  125  124  125  125  124  124  124  123  123   2999
               6 4   123  123  123  122  122  122  123  124  124  124  124  124  123  123  124  123  123  122  122  122  122  122  122  122   2948
               6 5   121  121  121  121  121  121  121  122  122  122  122  122  121  121  121  122  122  121  121  120  121  121  120  120   2908
               6 6   121  120  120  120  120  119  119  119  119  120  120  121  120  120  121  121  121  120  120  120  120  120  120  120   2881
               6 7   120  121  121  121  122  122  121  121  121  122  121  121  121  121  120  120  119  119  119  120  120  121  121  120   2895
               6 8   120  120  120  120  120  120  120  120  121  121  121  121  119  118  116  119  120  120  118  118  121  121  121  122   2877
               6 9   122  123  123  123  123  123  123  124  124  123  124  124  105   98  109  118  113  108  105  110  112  120  123  117   2817
               610   112  120  117  121  119  124  126  117  115  120  117  117  119  114  118  120  122  128  123  116  112  110  108  108   2823
               611   107  107  120  130  130  130  128  118  111  119  119  114  116  124  132  133  133  131  131  129  122  130  131  132   2977
               612   131  129  128  127  131  131  131  130  131  132  132  132  131  131  132  133  131  128  131  131  129  128  128  128   3126
               613   127  126  126  126  126  126  126  126  127  128  129  128  125  129  124  113  124  126  125  126  126  126  126  126   3017
               614   126  127  128  128  129  129  129  124  128  126  124  109  108  101  101  104  108  109  113  114  113  112  111  111   2812
               615   111  112  112  112  111  109  107  107  108  108  110  112  113  115  119  121  124  120  123  124  124  114  120  124   2760
               616   127  129  130  131  132  134  134  133  133  134  135  135  134  140  140  137  137  131  131  127  137  138  137  136   3212
               617   139  138  138  138  136  137  137  136  138  138  137  136  121  127  132  125  127  119  120  118  131  131  134  131   3164
               618   133  132  130  131  133  132  129  121  116  115  115  118  121  124  129  137  137  136  129  132  126  121  119  125   3041
               619   120  128  124  130  131  127  133  124  128  128  128  132  133  142  142  142  140  133  136  141  140  140  129  130   3181
               620   134  133  133  135  132  133  131  128  129  129  127  131  137  137  138  135  132  132  131  131  130  130  130  130   3168
               621   129  129  129  129  129  128  128  129  129  131  130  130  130  131  130  129  130  130  129  129  130  130  130  130   3108
               622   130  129  130  130  131  131  131  131  131  131  131  132  131  128  129  128  126  111  114  114  115  116  115  119   3014
               623   118  118  120  123  117  127  130  131  133  135  136  136  136  137  136  136  134  133  133  132  132  133  137  137   3140
               624   137  138  138  138  136  136  134  134  137  139  139  140  141  142  142  143  143  143  142  143  144  144  145  145   3363
               625   140  136  135  133  141  142  138  140  136  134  133  131  133  136  135  139  134  135  136  133  133  131  128  127   3239
               626   125  125  126  127  127  126  128  131  132  135  138  140  142  149  135  128  127  129  130  132  135  137  139  137   3180
               627   136  133  138  139  139  139  139  139  139  139  140  139  138  137  137  137  136  136  136  136  136  137  136  135   3296
               628   136  136  136  134  133  134  135  137  129  125  127  127  130  131  132  133  135  135  135  136  136  136  139  141   3208
               629   141  141  141  140  139  139  140  140  140  140  139  137  137  137  136  135  135  135  134  133  132  126  125  125   3267
               630   124  128  130  131  130  130  130  131  131  131  129  129  123  107  122  129  129  130  130  128  129  130  130  130   3071
              ------------------------------------------------------------------------------------------------------------------------------------
              TOTAL 3785 3798 3811 3838 3839 3848 3849 3816 3813 3830 3826 3817 3786 3796 3807 3829 3826 3797 3796 3792 3805 3798 3798 3802  91502
              MEAN   126  127  127  128  128  128  128  127  127  128  128  127  126  127  127  128  128  127  127  126  127  127  127  127   3050
              MAX    141  141  141  140  141  142  140  140  140  140  140  140  142  149  142  143  143  143  142  143  144  144  145  145   3363
                N     30   30   30   30   30   30   30   30   30   30   30   30   30   30   30   30   30   30   30   30   30   30   30   30     30
              NOTE                                                                                                                                
                                                                                                                                                  
                   *): WITH MISSING DATA; TOTAL,MEAN,MAXIMUM ESTIMATED                                                                            
                                                                                                                                                  
                                                                                                                                                  
                                                                                                                                                  
