                                                                                                                                                  
                                                                                                                                                  
                                                                *******************************                                                   
                                                                  DOWNWARD LONGWAVE RADIATION                                                     
                                                                *******************************                                                   
                                                                                                                  COUNTRY = JAPAN                 
                                                                                                                                                  
                                                                                                                                                  
                                                                     UNIT  = 0.01 MJ/m**2                                                         
                        STATION    : Abashiri                                                                                                     
                        STATION NO.: 47409                                                                                                        
                        LOCATION   : 144ﾟ17' E                                                                                                    
                                      44ﾟ01' N                                                                                                    
                        ALTITUDE   :   37.6  m                                                                                                    
                        YEAR/MONTH : 2023/07                                                                                                      
                                                                                                                                                  
              DATE   -01  -02  -03  -04  -05  -06  -07  -08  -09  -10  -11  -12  -13  -14  -15  -16  -17  -18  -19  -20  -21  -22  -23  -24  TOTAL
                                                                                                                                                  
               7 1   139  138  139  140  140  138  139  139  137  136  136  135  135  135  135  135  135  135  134  133  132  131  131  131   3258
               7 2   131  131  132  132  132  133  134  134  134  134  135  134  133  116  114  120  127  135  136  138  139  139  139  138   3170
               7 3   138  139  138  135  133  130  131  133  133  138  130  136  135  137  137  136  136  136  136  136  136  136  136  137   3248
               7 4   137  137  137  136  135  136  136  137  136  133  124  118  116  116  116  116  117  120  129  135  137  137  136  137   3114
               7 5   137  137  137  137  137  137  137  137  137  136  137  133  137  138  137  138  138  138  138  138  138  138  138  130   3285
               7 6   124  122  119  122  132  135  139  141  142  143  142  145  147  146  139  135  137  136  135  138  134  141  147  145   3286
               7 7   143  143  142  144  135  137  140  140  133  124  124  129  126  125  126  125  126  130  137  133  134  127  133  127   3183
               7 8   127  128  127  126  125  129  130  131  129  131  135  134  133  130  129  130  132  134  142  132  132  135  134  133   3148
               7 9   131  129  129  130  130  131  131  133  134  132  131  131  132  136  140  148  150  150  148  148  146  144  146  143   3303
               710   134  133  133  132  132  132  132  132  135  136  140  136  139  133  134  133  132  133  133  133  133  136  140  135   3221
               711   130  132  135  135  136  141  142  141  134  133  133  138  142  144  145  143  145  149  148  144  144  138  141  134   3347
               712   132  137  134  135  141  134  134  136  139  144  145  144  144  146  147  148  148  147  147  146  145  145  144  138   3400
               713   137  142  144  147  147  147  148  147  145  139  139  141  149  147  146  147  146  144  143  143  143  142  142  141   3456
               714   141  140  140  139  140  140  140  141  141  140  140  141  141  141  140  140  140  140  138  138  138  139  139  139   3356
               715   139  139  139  140  140  140  140  140  139  140  140  136  137  138  142  143  143  143  143  142  143  143  143  144   3376
               716   144  143  144  144  144  143  143  143  143  143  142  141  145  144  143  141  141  140  141  140  140  140  140  139   3411
               717   139  139  139  139  139  139  140  140  140  141  142  142  142  142  141  141  141  142  142  142  142  142  142  142   3380
               718   142  141  140  139  139  139  140  140  140  139  139  138  139  139  138  139  139  139  139  139  139  139  139  140   3344
               719   137  139  140  140  140  141  141  140  140  140  139  137  131  123  120  121  131  133  140  139  139  139  139  140   3269
               720   140  140  140  141  140  141  142  142  143  137  124  140  142  127  137  143  142  130  120  121  122  123  122  122   3221
               721   123  122  121  121  121  122  124  125  127  127  129  129  128  126  127  127  127  129  131  132  131  132  132  130   3043
               722   130  129  129  130  129  129  130  131  133  134  133  131  130  132  132  131  132  132  133  134  132  133  131  129   3149
               723   130  130  131  133  130  130  131  134  134  137  135  136  134  130  130  133  136  134  135  136  137  137  136  141   3210
               724   137  135  135  138  141  148  151  150  148  145  146  151  152  149  148  150  150  151  150  150  152  153  155  155   3540
               725   153  151  151  153  153  153  153  151  153  153  153  155  157  158  153  150  152  156  151  145  145  145  143  143   3630
               726   144  142  145  142  140  141  142  143  144  144  145  147  147  145  144  144  145  146  146  145  146  147  145  142   3461
               727   142  142  141  140  141  139  140  143  145  147  148  153  147  147  149  149  152  148  145  142  142  143  145  142   3472
               728   142  143  141  138  136  136  136  138  139  142  143  143  143  144  143  142  143  144  147  144  148  145  143  142   3405
               729   142  142  142  140  142  141  142  146  154  153  150  152  152  155  153  152  148  150  149  147  147  148  148  153   3548
               730   154  153  150  151  151  152  152  153  153  155  155  155  157  158  158  159  158  153  148  150  150  153  151  150   3679
               731   148  148  149  148  149  150  152  152  151  152  152  154  152  151  151  148  150  152  151  142  145  149  150  149   3595
              ------------------------------------------------------------------------------------------------------------------------------------
              TOTAL 4267 4266 4263 4267 4270 4284 4312 4333 4335 4328 4306 4335 4344 4298 4294 4307 4339 4349 4355 4325 4331 4339 4350 4311 103508
              MEAN   138  138  138  138  138  138  139  140  140  140  139  140  140  139  139  139  140  140  140  140  140  140  140  139   3339
              MAX    154  153  151  153  153  153  153  153  154  155  155  155  157  158  158  159  158  156  151  150  152  153  155  155   3679
                N     31   31   31   31   31   31   31   31   31   31   31   31   31   31   31   31   31   31   31   31   31   31   31   31     31
              NOTE                                                                                                                                
                                                                                                                                                  
                   *): WITH MISSING DATA; TOTAL,MEAN,MAXIMUM ESTIMATED                                                                            
                                                                                                                                                  
                                                                                                                                                  
