                                                                                                                                                  
                                                                                                                                                  
                                                                *******************************                                                   
                                                                  DOWNWARD LONGWAVE RADIATION                                                     
                                                                *******************************                                                   
                                                                                                                  COUNTRY = JAPAN                 
                                                                                                                                                  
                                                                                                                                                  
                                                                     UNIT  = 0.01 MJ/m**2                                                         
                        STATION    : Abashiri                                                                                                     
                        STATION NO.: 47409                                                                                                        
                        LOCATION   : 144ﾟ17' E                                                                                                    
                                      44ﾟ01' N                                                                                                    
                        ALTITUDE   :   37.6  m                                                                                                    
                        YEAR/MONTH : 2022/11                                                                                                      
                                                                                                                                                  
              DATE   -01  -02  -03  -04  -05  -06  -07  -08  -09  -10  -11  -12  -13  -14  -15  -16  -17  -18  -19  -20  -21  -22  -23  -24  TOTAL
                                                                                                                                                  
              11 1    94   93   93   93   93   93   94   96   97   99  107  118  117  114  114  103  108  108  109  110  110  113  116  119   2511
              11 2   127  128  125  125  107  112  122  112   99   97   98   96   96   97   96   98  103  111  106  108  108   95   95   98   2559
              11 3   104   96   95  102  101  103  105   98   94  100   96  116  118  117  116  114  117  116  114  110  107  105  102   93   2539
              11 4    88   86   85   89   98  103  110  112  111  111  108  108  104  101   92   91  100  108  101   83   84   83   83   84   2323
              11 5    83   83   82   82   82   82   82   85   94   95   97  107  114  112  112  112  109  110  106  112  105  108  100   94   2348
              11 6    97  103   98   98   87   95   93   86   91   93   97  104  101  101   96   91   89   88   87   86   86   86   85   85   2223
              11 7    87   97  103  107   96   92   94   97   92   88   89   89   90   91   91   94   96  102   96  102   94   91   89   88   2255
              11 8    89   92   94   91   99   94   98   92   93   95   97  101  105  102  109  107  106  112  100  106  109  120  121  118   2450
              11 9   109  100  114  114  114  114  115  101   95  103   95   98   99   99   94   93   93   93   92   93  103  101   92   94   2418
              1110    95   98  100   98  100   99  100  120  111  115  113   96   94   92   92   89   90   89   91   91   87   85   84   85   2314
              1111    85   91   89   84   82   82   83   83   84   85   88   87   87   87   88   91   89   88   88   88   88   90   90   89   2086
              1112    92   94   92   94  100  105  105  106  112  110  109  110  119  126  126  125  118  125  119  113  109  123  125  123   2680
              1113   121  121  120  119  116  114  114  115  120  124  123  127  129  128  131  135  130  130  129  127  125  123  121  119   2961
              1114   117  116  116  116  115  112  107   98  103  102   94  108   99   93   83   87   96   99  101  105  111  103   87   84   2452
              1115    84   82   82   82   82   85   96  102  106   86   87   91   96  109  105  102  113  102   98  108  110  108  106  107   2329
              1116   107  101  101  109  106  106   97   92   95   92   95  108   97   99   93   94   93   94   99  109  112  104  114  108   2425
              1117   106  114  110  108   96  111  112   99  105  114  110  101  102  104  111  108   95  102   99   92  107  111  109  107   2533
              1118   110   99  101  107  102   99   96  100  101   88   97  102   99   89   92   95   93   89   89   85   85   84   85   87   2274
              1119    88   91   92  104  113  114  114  113  114  115  115  117  116  117  117  117  117  116  116  116  115  111  108  112   2668
              1120   113   88   86   97  110  112  112  105   90   90  104   93  106  117  117  117  100   94  100  106  107  114  117  119   2514
              1121   121  121  121  121  113  116  118  121  126  128  126  126  126  126  127  124  125  124  122  117  110  116  103  105   2883
              1122   107  103  100  111  117  108  105   97  107  110  103  115  100  111  106   85   98  100  104   93  103  107  105  106   2501
              1123   106   84   80   84  104  104  100   81   81   81   82   83   84   84   85   92   93   85   85   89   95   93   94  107   2156
              1124   116  118  119  105  103  114  117  118  119  118  119  120  120  119  118  118  118  116  114  111  110  102   88   93   2713
              1125    88  101  114  113  116  115  115  113  109  101  104  112  107  109   90   94   87   88   89   96   93  102   97  104   2457
              1126   101   97   96   95   94   94   95   96   97  100  108  108  121  121  116  117  123  124  119  107   94   96  103   97   2519
              1127   110  114  109   89   87   83   91   88  105  107  108  111  102   99   90   89   90   93   95  102   97   98   97  103   2357
              1128    88   93   87   92  100  104  105  109  103  102  108  109  104  112  111  105  102   97  111  112  112  100  100  104   2470
              1129   112  115  116  116  114  115  117  117  119  120  122  123  120  118  122  127  121  122  123  127  130  130  125  124   2895
              1130   123  121  120  118  116  115  114  112  112  111  110  110  107  102   85   98  103   98   99   84   77   72   74   73   2454
              ------------------------------------------------------------------------------------------------------------------------------------
              TOTAL 3068 3040 3040 3063 3063 3095 3126 3064 3085 3080 3109 3194 3179 3196 3125 3112 3115 3123 3101 3088 3083 3074 3015 3029  74267
              MEAN   102  101  101  102  102  103  104  102  103  103  104  106  106  107  104  104  104  104  103  103  103  102  101  101   2476
              MAX    127  128  125  125  117  116  122  121  126  128  126  127  129  128  131  135  130  130  129  127  130  130  125  124   2961
                N     30   30   30   30   30   30   30   30   30   30   30   30   30   30   30   30   30   30   30   30   30   30   30   30     30
              NOTE                                                                                                                                
                                                                                                                                                  
                   *): WITH MISSING DATA; TOTAL,MEAN,MAXIMUM ESTIMATED                                                                            
                                                                                                                                                  
                                                                                                                                                  
                                                                                                                                                  
