                                                                                                                                                  
                                                                                                                                                  
                                                                *******************************                                                   
                                                                  DOWNWARD LONGWAVE RADIATION                                                     
                                                                *******************************                                                   
                                                                                                                  COUNTRY = JAPAN                 
                                                                                                                                                  
                                                                                                                                                  
                                                                     UNIT  = 0.01 MJ/m**2                                                         
                        STATION    : Abashiri                                                                                                     
                        STATION NO.: 47409                                                                                                        
                        LOCATION   : 144ﾟ17' E                                                                                                    
                                      44ﾟ01' N                                                                                                    
                        ALTITUDE   :   37.6  m                                                                                                    
                        YEAR/MONTH : 2022/08                                                                                                      
                                                                                                                                                  
              DATE   -01  -02  -03  -04  -05  -06  -07  -08  -09  -10  -11  -12  -13  -14  -15  -16  -17  -18  -19  -20  -21  -22  -23  -24  TOTAL
                                                                                                                                                  
               8 1   141  140  140  140  140  140  140  140  140  140  140  140  140  140  140  139  141  140  140  136  137  139  138  137   3348
               8 2   136  137  137  136  136  137  137  138  139  140  141  141  142  142  142  141  141  141  141  141  140  140  140  140   3346
               8 3   140  141  141  141  141  139  142  142  141  143  138  145  145  145  144  143  143  134  134  131  127  123  123  120   3306
               8 4   119  120  122  120  120  122  133  141  133  131  130  133  130  127  127  126  125  125  124  121  120  119  120  122   3010
               8 5   123  122  117  116  117  116  115  116  119  117  118  119  120  122  123  124  122  121  119  117  115  114  112  112   2836
               8 6   112  112  111  111  111  111  113  114  116  119  121  124  125  124  126  129  128  127  126  128  127  127  133  133   2908
               8 7   133  132  126  134  126  130  131  137  137  139  141  141  142  139  137  139  142  136  134  132  132  134  133  131   3238
               8 8   132  133  133  134  134  136  138  141  149  151  150  152  154  155  154  152  152  154  153  155  155  154  153  154   3528
               8 9   154  157  157  155  155  153  151  149  149  149  147  145  144  148  149  154  152  148  150  151  150  150  150  146   3613
               810   145  147  145  147  147  145  145  145  145  146  145  149  151  148  145  144  140  142  139  135  144  146  142  133   3460
               811   145  142  130  129  129  129  129  129  129  129  134  138  137  139  138  138  142  141  143  147  147  147  148  148   3307
               812   146  146  144  144  143  142  145  144  142  141  140  138  140  142  143  142  138  138  137  139  143  138  136  137   3388
               813   137  139  138  134  133  131  131  132  133  135  137  140  136  135  143  146  146  148  151  149  147  146  144  141   3352
               814   148  149  146  144  144  137  144  145  147  148  148  146  144  144  143  136  139  131  134  138  137  143  139  132   3406
               815   125  126  143  138  135  142  132  126  128  125  127  128  129  129  132  141  144  146  147  144  143  143  145  145   3263
               816   145  146  147  146  146  147  147  149  149  147  148  149  149  150  150  150  148  147  147  145  144  143  143  142   3524
               817   142  142  142  141  141  142  142  139  127  133  127  128  124  124  124  124  125  126  126  126  127  128  127  125   3152
               818   124  122  122  121  121  125  128  129  131  134  138  139  140  139  139  140  140  141  142  141  141  140  140  142   3219
               819   141  139  139  141  141  142  142  142  143  142  142  142  142  141  140  139  141  141  139  141  137  130  128  133   3348
               820   134  133  133  130  135  136  132  129  130  135  142  148  150  152  148  149  150  149  135  137  131  130  129  130   3307
               821   127  131  127  125  131  124  119  121  123  124  125  126  128  131  130  130  128  133  127  126  124  123  122  121   3026
               822   120  121  119  119  120  119  119  120  121  122  124  127  128  136  139  136  136  137  137  138  135  137  133  134   3077
               823   137  144  144  144  146  149  149  150  151  152  154  156  155  157  156  153  153  154  154  151  148  147  138  135   3577
               824   130  117  116  115  115  116  120  120  123  124  127  134  133  129  124  120  119  119  118  118  117  116  116  118   2904
               825   125  123  118  123  121  127  125  125  123  125  126  123  126  126  126  126  126  125  127  132  135  133  131  134   3031
               826   134  139  139  137  136  136  136  138  139  141  142  142  142  145  145  143  141  137  127  124  123  125  125  122   3258
               827   127  128  134  138  139  140  138  132  140  143  145  146  146  147  148  149  148  148  148  148  147  145  145  145   3414
               828   144  144  143  142  144  144  144  142  142  142  142  143  141  141  140  141  143  139  136  129  129  140  130  133   3358
               829   138  136  128  118  116  114  116  121  122  123  122  129  131  124  130  127  125  136  137  138  138  137  137  134   3077
               830   135  140  137  131  133  133  134  135  134  137  137  138  138  137  136  136  135  136  137  134  135  137  137  137   3259
               831   137  136  134  137  136  137  137  139  140  141  142  144  146  143  142  142  142  142  141  141  142  141  141  141   3364
              ------------------------------------------------------------------------------------------------------------------------------------
              TOTAL 4176 4184 4152 4131 4132 4141 4154 4170 4185 4218 4240 4293 4298 4301 4303 4299 4295 4282 4250 4233 4217 4215 4178 4157 101204
              MEAN   135  135  134  133  133  134  134  135  135  136  137  138  139  139  139  139  139  138  137  137  136  136  135  134   3265
              MAX    154  157  157  155  155  153  151  150  151  152  154  156  155  157  156  154  153  154  154  155  155  154  153  154   3613
                N     31   31   31   31   31   31   31   31   31   31   31   31   31   31   31   31   31   31   31   31   31   31   31   31     31
              NOTE                                                                                                                                
                                                                                                                                                  
                   *): WITH MISSING DATA; TOTAL,MEAN,MAXIMUM ESTIMATED                                                                            
                                                                                                                                                  
                                                                                                                                                  
