                                                                                                                                                  
                                                                                                                                                  
                                                                *******************************                                                   
                                                                  DOWNWARD LONGWAVE RADIATION                                                     
                                                                *******************************                                                   
                                                                                                                  COUNTRY = JAPAN                 
                                                                                                                                                  
                                                                                                                                                  
                                                                     UNIT  = 0.01 MJ/m**2                                                         
                        STATION    : Abashiri                                                                                                     
                        STATION NO.: 47409                                                                                                        
                        LOCATION   : 144ﾟ17' E                                                                                                    
                                      44ﾟ01' N                                                                                                    
                        ALTITUDE   :   37.6  m                                                                                                    
                        YEAR/MONTH : 2024/05                                                                                                      
                                                                                                                                                  
              DATE   -01  -02  -03  -04  -05  -06  -07  -08  -09  -10  -11  -12  -13  -14  -15  -16  -17  -18  -19  -20  -21  -22  -23  -24  TOTAL
                                                                                                                                                  
               5 1   117  113  114  115  113  116  115  116  116  115  115  113  100   88   87   87   87   86   87   89   90   91   91   90   2451
               5 2    92   93   93   93   93   93   94   96   98  101  102  103  102  101  102  101  101  101  101  103  102  100   99  106   2370
               5 3   116  118  117  118  125  121  123  113  113  100  100  108  122  120  101  106  103  112  116  117  116  115  113  115   2728
               5 4   115  115  116  116  116  115  116  116  116  115   98   96   93   92   92   93   93   96  101  106  113  114  116  112   2571
               5 5   104  108  111  103  103  101   94   96   99   99  102  105  107  111  109  113  119  120  123  121  116  115  117  120   2616
               5 6   125  127  127  126  126  126  126  126  126  126  126  129  131  132  131  129  127  127  125  124  123  123  123  123   3034
               5 7   124  124  123  122  121  120  120  121  121  121  121  121  122  122  120  120  119  118  117  117  116  117  116  116   2879
               5 8   116  116  116  115  115  115  116  116  115  115  115  115  115  116  116  116  116  115  114  115  114  114  113  113   2762
               5 9   107  106  112  112  113  112  113  114  114  115  106   90   98  102  100   92   93   95   95   94   94   93   96   98   2464
               510   100  110  107  111  105  113  120  124  111  102  102  102  102  106  108  101   98   98   96   95   99  104  107   99   2520
               511   112  119  120  121  122  122  123  124  117  116  117  119  114  119  125  119  119  119  117  118  114  113  111  114   2834
               512   114  115  116  114  119  121  118  122  125  126  128  126  130  131  133  132  132  130  133  130  131  131  131  132   3020
               513   132  134  134  133  134  136  136  138  139  139  140  140  136  131  130  130  130  130  130  129  124  124  111  102   3142
               514   100   97   97   97   97   97   98  100  103  106  106  106  107  108  108  109  111  112  111  109  108  107  108  107   2509
               515   107  107  108  107  106  104  106  108  111  113  114  114  115  115  115  116  115  115  113  111  110  110  114  115   2669
               516   115  114  112  114  107  111  107  105  103  104  107  108  107  109  113  114  116  119  119  119  130  135  133  133   2754
               517   136  130  121  132  126  111  115  120  113  113  120  122  128  130  127  120  128  122  116  115  107  109  118  121   2900
               518   128  108  106  107  108  109  111  111  112  115  117  118  116  114  113  111  111  113  115  116  114  113  114  116   2716
               519   120  122  123  122  119  117  116  115  112  112  111  110  125  131  130  129  119  110  113  110  107  107  106  122   2808
               520   129  128  123  118  109  107  108  110  110  105  106  107  105  105  104  108  113  116  113  103  102  104  112  119   2664
               521   120  120  122  124  124  124  124  123  123  122  121  121  121  121  121  120  107   95   94   94   95   94   93   94   2717
               522    94   96   97   96   98  102  100  101  104  106  108  119  119  122  128  120  119  117  116  116  114  119  117  126   2654
               523   122  121  123  126  123  127  115  116  121  125  122  127  137  140  139  131  131  130  130  129  128  131  131  131   3056
               524   131  130  130  130  130  130  127  124  122  122  122  122  121  121  121  120  120  119  119  119  119  119  118  117   2953
               525   116  117  118  117  117  117  116  111  109  114  119  121  110  109  109  109  113  105  113   96   94   93   98  116   2657
               526   118  122  122  119  120  124  125  126  126  120  111  103  102  103  102  104  108  110  106  106  114  116  119  119   2745
               527   118  120  123  126  126  127  128  130  129  129  128  129  129  130  130  133  129  133  139  125  132  128  123  125   3069
               528   126  124  117  113  117  124  126  126  115  112  112  119  125  124  123  122  122  122  122  122  122  122  122  122   2901
               529   122  122  121  121  121  121  121  121  121  121  120  120  120  120  120  120  119  119  119  119  119  114  109  114   2864
               530   115  116  120  121  116  111  121  124  124  123  123  123  122  122  122  122  122  122  122  118  120  110  117  118   2874
               531   118  123  123  121  117  117  118  118  114  116  111  111  118  119  120  114  111  117  109  107  110  107  111  105   2755
              ------------------------------------------------------------------------------------------------------------------------------------
              MEAN   116  117  117  116  116  116  116  116  116  115  115  115  116  117  116  115  115  114  114  113  113  113  113  115   2763
              MAX    136  134  134  133  134  136  136  138  139  139  140  140  137  140  139  133  132  133  139  130  132  135  133  133   3142
                N     31   31   31   31   31   31   31   31   31   31   31   31   31   31   31   31   31   31   31   31   31   31   31   31     31
              NOTE                                                                                                                                
                                                                                                                                                  
                   XXX,XXXX: MISSING DATA                                                                                                         
                         *): WITH MISSING DATA; MEAN,MAXIMUM ESTIMATED                                                                            
                         *]: TOO MANY MISSING DATA FOR USE OF STATISTICS                                                                          
                                                                                                                                                  
