                                                                                                                                                  
                                                                                                                                                  
                                                                *******************************                                                   
                                                                  DOWNWARD LONGWAVE RADIATION                                                     
                                                                *******************************                                                   
                                                                                                                  COUNTRY = JAPAN                 
                                                                                                                                                  
                                                                                                                                                  
                                                                     UNIT  = 0.01 MJ/m**2                                                         
                        STATION    : Abashiri                                                                                                     
                        STATION NO.: 47409                                                                                                        
                        LOCATION   : 144ﾟ17' E                                                                                                    
                                      44ﾟ01' N                                                                                                    
                        ALTITUDE   :   37.6  m                                                                                                    
                        YEAR/MONTH : 2024/07                                                                                                      
                                                                                                                                                  
              DATE   -01  -02  -03  -04  -05  -06  -07  -08  -09  -10  -11  -12  -13  -14  -15  -16  -17  -18  -19  -20  -21  -22  -23  -24  TOTAL
                                                                                                                                                  
               7 1   144  146  145  145  138  145  146  147  150  150  146  142  138  125  126  127  134  123  133  132  127  128  127  109   3273
               7 2   108  111  111  112  110  112  117  121  121  119  123  114  124  126  113  109  109  110  112  112  111  115  126  137   2783
               7 3   137  138  133  129  133  126  131  131  131  139  137  127  127  130  129  130  134  138  138  136  130  129  128  128   3169
               7 4   126  134  138  134  126  126  129  131  132  132  131  130  128  129  128  127  128  127  126  125  124  125  126  126   3088
               7 5   126  126  126  126  127  127  125  125  124  124  126  127  127  128  129  130  130  132  135  138  141  140  141  142   3122
               7 6   145  146  145  143  139  130  131  139  137  136  136  136  137  142  153  151  148  145  144  145  144  145  145  146   3408
               7 7   147  146  146  145  145  146  146  147  149  149  148  149  149  144  144  146  149  150  149  150  150  149  140  147   3530
               7 8   140  142  138  140  139  140  143  146  146  146  145  144  140  140  140  144  145  146  145  143  143  143  142  141   3421
               7 9   142  142  142  142  143  143  144  144  144  138  131  130  130  131  133  133  132  131  136  144  145  143  139  138   3320
               710   143  139  145  146  145  144  146  145  141  142  138  137  127  127  127  129  140  142  145  145  144  140  140  138   3355
               711   140  136  138  136  132  134  131  126  128  130  125  124  125  125  128  135  140  139  139  141  143  144  145  142   3226
               712   140  135  130  131  139  140  129  127  129  128  131  140  141  135  139  133  135  139  143  135  132  140  142  140   3253
               713   138  137  141  141  141  141  141  140  136  139  142  140  142  133  134  140  140  140  137  138  137  138  137  131   3324
               714   137  136  134  127  135  139  141  141  141  141  137  138  134  124  138  141  141  136  129  123  123  125  125  126   3212
               715   125  127  138  140  139  139  142  143  142  139  125  121  120  119  118  118  118  119  119  119  118  119  122  123   3052
               716   128  125  127  126  125  126  126  128  129  130  132  133  134  133  135  137  138  138  138  137  137  137  138  137   3174
               717   136  134  132  132  132  132  132  135  137  138  138  138  136  136  135  135  135  134  134  134  133  133  134  134   3229
               718   132  131  131  128  128  128  128  129  129  130  130  130  131  130  129  130  131  132  133  133  133  133  132  132   3133
               719   131  132  131  130  130  131  131  134  135  137  140  141  143  143  145  147  152  152  153  150  151  147  149  141   3376
               720   141  146  147  151  152  154  154  154  149  146  147  144  148  146  146  148  145  143  143  141  140  140  140  138   3503
               721   138  139  140  138  137  139  141  141  140  141  140  140  140  140  144  146  152  154  146  144  142  139  138  139   3398
               722   140  140  141  139  141  142  148  145  152  155  151  152  146  146  144  138  139  138  136  138  138  144  152  145   3450
               723   150  154  154  147  145  140  138  138  140  144  148  147  145  144  146  144  148  151  151  152  152  152  153  151   3534
               724   147  149  150  151  150  150  150  151  151  150  149  149  150  150  149  148  147  143  130  126  132  141  141  144   3498
               725   144  144  142  144  144  143  142  140  143  143  144  141  139  143  138  131  139  143  142  142  142  141  141  141   3396
               726   140  139  138  138  138  138  138  139  139  139  140  138  140  140  140  134  125  137  137  138  138  139  139  139   3310
               727   139  138  134  123  129  130  136  139  129  123  122  123  124  124  125  126  131  138  136  131  141  138  146  146   3171
               728   142  137  137  138  141  142  141  140  142  146  148  148  149  154  144  148  149  149  146  144  145  148  149  149   3476
               729   149  149  149  148  147  146  148  147  149  152  151  149  151  150  149  149  149  150  149  150  149  149  148  147   3574
               730   147  147  148  147  147  147  147  146  146  147  147  138  135  144  143  132  130  130  132  128  134  142  144  142   3390
               731   143  132  141  143  143  144  144  145  146  145  145  145  145  144  142  127  124  140  144  143  144  144  144  144   3401
              ------------------------------------------------------------------------------------------------------------------------------------
              MEAN   138  138  138  137  137  138  138  139  139  139  138  137  137  136  137  136  137  138  138  137  138  138  139  138   3308
              MAX    150  154  154  151  152  154  154  154  152  155  151  152  151  154  153  151  152  154  153  152  152  152  153  151   3574
                N     31   31   31   31   31   31   31   31   31   31   31   31   31   31   31   31   31   31   31   31   31   31   31   31     31
              NOTE                                                                                                                                
                                                                                                                                                  
                   XXX,XXXX: MISSING DATA                                                                                                         
                         *): WITH MISSING DATA; MEAN,MAXIMUM ESTIMATED                                                                            
                         *]: TOO MANY MISSING DATA FOR USE OF STATISTICS                                                                          
                                                                                                                                                  
