                                                                                                                                                  
                                                                                                                                                  
                                                                *******************************                                                   
                                                                  DOWNWARD LONGWAVE RADIATION                                                     
                                                                *******************************                                                   
                                                                                                                  COUNTRY = JAPAN                 
                                                                                                                                                  
                                                                                                                                                  
                                                                     UNIT  = 0.01 MJ/m**2                                                         
                        STATION    : Abashiri                                                                                                     
                        STATION NO.: 47409                                                                                                        
                        LOCATION   : 144ﾟ17' E                                                                                                    
                                      44ﾟ01' N                                                                                                    
                        ALTITUDE   :   37.6  m                                                                                                    
                        YEAR/MONTH : 2021/08                                                                                                      
                                                                                                                                                  
              DATE   -01  -02  -03  -04  -05  -06  -07  -08  -09  -10  -11  -12  -13  -14  -15  -16  -17  -18  -19  -20  -21  -22  -23  -24  TOTAL
                                                                                                                                                  
               8 1   151  150  151  150  151  150  149  148  149  150  149  148  148  148  148  148  147  147  146  146  145  146  147  147   3559
               8 2   148  148  147  148  148  148  148  149  150  151  151  147  148  151  XXX  144  139  139  140  145  141  139  142  138   XXXX
               8 3   140  136  136  135  135  136  137  139  141  138  140  141  144  143  146  144  146  144  143  148  149  149  146  153   3409
               8 4   151  150  146  144  139  146  150  147  146  144  145  148  145  142  146  145  147  148  151  153  154  152  151  150   3540
               8 5   146  145  146  139  140  140  147  146  154  155  154  154  154  157  151  154  145  147  153  157  156  155  154  144   3593
               8 6   141  141  141  143  144  141  141  145  145  143  143  143  142  143  143  145  145  145  146  147  147  145  144  143   3446
               8 7   144  144  145  147  145  143  143  145  147  147  147  147  146  145  144  144  145  150  148  153  152  152  154  153   3530
               8 8   150  149  148  148  147  146  146  146  146  147  147  148  148  147  146  147  146  145  141  131  130  135  142  143   3469
               8 9   141  142  143  143  143  142  141  139  141  144  143  143  142  142  141  141  140  140  139  139  139  139  138  137   3382
               810   137  137  137  136  136  137  136  136  136  136  136  136  137  137  137  136  136  137  136  135  135  134  133  133   3262
               811   132  131  131  130  132  132  132  131  131  132  133  131  132  132  131  132  132  131  131  132  132  132  133  131   3159
               812   131  131  131  131  131  127  113  113  118  110  108  108  107  107  107  108  108  110  109  110  111  108  108  107   2752
               813   107  108  108  107  107  107  108  109  110  110  110  110  110  110  110  111  117  122  114  112  118  113  110  110   2658
               814   110  111  111  109  109  106  106  106  111  109  110  114  116  114  112  111  111  110  108  107  107  107  107  106   2628
               815   105  105  104  103  103  103  105  106  108  111  112  113  116  118  119  118  117  117  115  114  113  112  112  112   2661
               816   112  116  115  112  116  123  128  130  123  124  133  137  136  139  127  129  137  135  130  132  133  133  136  135   3071
               817   132  133  135  135  132  133  138  124  121  126  128  127  122  121  120  123  122  124  124  122  119  117  117  118   3013
               818   119  121  123  124  126  128  129  130  132  134  136  137  138  139  140  141  140  140  136  131  134  136  134  138   3186
               819   137  140  140  140  133  139  139  141  142  140  141  142  141  141  141  139  134  138  123  116  130  125  114  114   3230
               820   113  113  113  114  114  115  116  116  118  120  119  118  117  117  117  116  117  118  118  118  117  117  117  116   2794
               821   116  115  114  114  114  114  115  116  117  118  120  118  117  117  117  117  120  124  127  128  125  125  125  124   2857
               822   121  120  119  119  119  119  121  123  124  126  129  131  132  133  133  133  133  137  133  135  129  127  132  137   3065
               823   140  141  139  138  139  139  140  141  141  142  141  142  143  144  142  142  142  138  134  132  135  138  131  123   3327
               824   125  131  125  128  132  131  128  129  127  136  143  144  138  129  129  128  127  125  123  122  123  124  123  134   3104
               825   130  133  132  134  130  128  133  137  139  140  142  143  145  145  145  145  145  143  143  143  143  143  144  144   3349
               826   142  144  142  145  146  146  147  145  147  147  144  139  141  143  145  141  135  134  134  133  136  132  130  135   3373
               827   129  128  127  128  126  127  129  129  129  129  130  138  134  133  133  140  142  140  143  144  145  145  145  144   3237
               828   144  146  145  143  132  133  134  132  133  134  135  138  137  135  131  134  135  131  140  135  129  128  128  126   3238
               829   124  124  124  125  130  127  125  125  127  130  132  131  133  135  142  138  131  134  133  132  131  131  133  132   3129
               830   129  131  136  137  132  133  137  141  142  143  141  138  135  136  147  141  137  138  133  130  127  124  121  123   3232
               831   124  120  119  119  120  120  125  137  140  138  126  121  128  139  130  136  135  141  134  143  141  141  142  140   3159
              ------------------------------------------------------------------------------------------------------------------------------------
              TOTAL 4071 4084 4073 4068 4051 4059 4086 4101 4135 4154 4168 4175 4172 4182 4154 4171 4153 4172 4128 4125 4126 4104 4093 4090  98592
              MEAN   131  132  131  131  131  131  132  132  133  134  134  135  135  135  134  135  134  135  133  133  133  132  132  132   3180
              MAX    151  150  151  150  151  150  150  149  154  155  154  154  154  157  151  154  147  150  153  157  156  155  154  153   3593
                N     31   31   31   31   31   31   31   31   31   31   31   31   31   31   30   31   31   31   31   31   31   31   31   31     30
              NOTE                                                                          *)                                                  *)
                                                                                                                                                  
                   *): WITH MISSING DATA; TOTAL,MEAN,MAXIMUM ESTIMATED                                                                            
                                                                                                                                                  
                                                                                                                                                  
