                                                                                                                                                  
                                                                                                                                                  
                                                                *******************************                                                   
                                                                  DOWNWARD LONGWAVE RADIATION                                                     
                                                                *******************************                                                   
                                                                                                                  COUNTRY = JAPAN                 
                                                                                                                                                  
                                                                                                                                                  
                                                                     UNIT  = 0.01 MJ/m**2                                                         
                        STATION    : Abashiri                                                                                                     
                        STATION NO.: 47409                                                                                                        
                        LOCATION   : 144ﾟ17' E                                                                                                    
                                      44ﾟ01' N                                                                                                    
                        ALTITUDE   :   37.6  m                                                                                                    
                        YEAR/MONTH : 2023/03                                                                                                      
                                                                                                                                                  
              DATE   -01  -02  -03  -04  -05  -06  -07  -08  -09  -10  -11  -12  -13  -14  -15  -16  -17  -18  -19  -20  -21  -22  -23  -24  TOTAL
                                                                                                                                                  
               3 1    93   91   91   93   90   89   95  110  109  106  111  110  109  108  107  107  105  101  103  103   98  103  105  106   2443
               3 2   106  106  106  107  108  109  109  108  107  104  106  106  106  104  104  104  102  104  103   99  101   88   79   86   2462
               3 3    75   74   72   75   78   80   81   78   75   77   84   97   91   97   99  105  103  100   97   81   85   91   96   81   2072
               3 4    93   86   91   98   98   90   78   84   98  100  104  103  100   82   73   72   72   71   71   70   70   70   71   72   2017
               3 5    72   72   72   73   74   75   75   77   78   79   81   83   85   85   86   87   88   87   87   86   86   85   84   84   1941
               3 6    83   83   83   82   82   82   82   83   83   84   85   84   84   84   86   87   87   87   86   86   87   87   88   88   2033
               3 7    90   93   96  101  107  107  108  110  111  111   99   95   96   98   96   99   91   90   90   89   88   87   87   88   2327
               3 8    92   88   88   88   89   95   98   98  102   99  107  107  100   99  107  105  114  120  118  116  112  110  107  101   2460
               3 9    96   99  104  103  103  102   96   89   94   76   82   73   72   73   74   76   78   89   94   92  102  103  107  110   2187
               310   109  110  110  107  109  111  109  107  108  115  117  119  119  117  119  119  117  115  115  115  114  113  112  111   2717
               311   111  110  110  110  109  109  109  108  108  108  108  108  109  109  109  109  109  109  109  108  109  109  109  106   2612
               312   107  101   91   85   86   85   86   86   99   94   99   98   96   90   90   91   93   96   97   99  102  107  109  109   2296
               313   115  101  108  111  120  120  120  120  116  107  113  110  116  124  123  124  124  123  123  123  123  125  122  119   2830
               314   117  113  103   83   83   85   86   88   93   93   94   93   92   95   88   83   85   85   84   80   79   79   79   79   2139
               315    79   78   78   78   78   78   79   79   80   81   82   83   84   84   85   85   90   87   84   84   85   85   86   86   1978
               316    86   87   85   87   91   91   89   89   93   99  105  107  112  110  105  101   98  116  118  117  114  112  110  110   2432
               317   104   99   83   81   81   80   81   80   81   83   99   95   96   93   85  103  109  107   95   87   80   78   77   76   2133
               318    76   77   77   76   77   77   77   78   81   84   94  105  105   91   94  101   96   88   96  105  105  106  107  103   2176
               319    96   80   84   79   78   77   80   86   82   82   97   99   89   85   86   87   88   88   87   89   86   88   88   86   2067
               320    86   86   86   87   87   86   87   88   89   92   91   91   90   90   90   89   88   88   90   94   93   94   91   91   2144
               321    89   89   89   89   89   88   90   88   90   87   86   88   89   88   89   90   90   89   90   91   90   90   90   89   2137
               322    89   89   89   88   88   89   89   89   91   90   91   91   91   93   93   93   93   95   95   98  104  101  104  108   2241
               323   109  107  104  103  115  117  117  117  115  112  112  115  116  116  116  117  121  122  120  118  119  121  122  123   2774
               324   126  128  128  128  129  124  119  117  114  113  113  111  105  110  110  110  104  103   93   84   82   81   81   80   2593
               325    81   84   93   99  101  105   99  105  105  104   97   84   82   82   83   84   84   84   85   87   85   86   86   88   2173
               326    93   97   99   97   98   99   99   93   93  100  115  116  116  116  116  116  115  116  116  115  115  114  114  115   2583
               327   115  114  114  114  113  113  113  114  114  115  111  107  102   92   90   96   86   84   82   82   82   82   81   81   2397
               328    81   81   82   81   81   81   81   82   83   84   86   89   93   94  102   96   99  102   94   86   86   85   85   84   2098
               329    85   84   84   84   83   83   83   84   85   86   86   87   88   87   88   89   99   96   93   89   88   88   87   87   2093
               330    86   86   86   85   85   84   84   86   88   89   91   92   93   95   96   96   96   95   94   94   95   97  101  104   2198
               331   104  104  105   99   99  114  117  112  115  120  121  123  121  120  119  119  119  118  118  117  103  106  107  105   2705
              ------------------------------------------------------------------------------------------------------------------------------------
              TOTAL 2944 2897 2891 2871 2909 2925 2916 2933 2980 2974 3067 3069 3047 3011 3008 3040 3043 3055 3027 2984 2968 2971 2972 2956  71458
              MEAN    95   93   93   93   94   94   94   95   96   96   99   99   98   97   97   98   98   99   98   96   96   96   96   95   2305
              MAX    126  128  128  128  129  124  120  120  116  120  121  123  121  124  123  124  124  123  123  123  123  125  122  123   2830
                N     31   31   31   31   31   31   31   31   31   31   31   31   31   31   31   31   31   31   31   31   31   31   31   31     31
              NOTE                                                                                                                                
                                                                                                                                                  
                   *): WITH MISSING DATA; TOTAL,MEAN,MAXIMUM ESTIMATED                                                                            
                                                                                                                                                  
                                                                                                                                                  
