                                                                                                                                                  
                                                                                                                                                  
                                                                *******************************                                                   
                                                                  DOWNWARD LONGWAVE RADIATION                                                     
                                                                *******************************                                                   
                                                                                                                  COUNTRY = JAPAN                 
                                                                                                                                                  
                                                                                                                                                  
                                                                     UNIT  = 0.01 MJ/m**2                                                         
                        STATION    : Abashiri                                                                                                     
                        STATION NO.: 47409                                                                                                        
                        LOCATION   : 144ﾟ17' E                                                                                                    
                                      44ﾟ01' N                                                                                                    
                        ALTITUDE   :   37.6  m                                                                                                    
                        YEAR/MONTH : 2022/10                                                                                                      
                                                                                                                                                  
              DATE   -01  -02  -03  -04  -05  -06  -07  -08  -09  -10  -11  -12  -13  -14  -15  -16  -17  -18  -19  -20  -21  -22  -23  -24  TOTAL
                                                                                                                                                  
              10 1   112  112  111  110  110  112  113  114  116  118  120  123  125  130  135  131  125  123  118  118  126  133  141  140   2916
              10 2   139  139  137  136  135  135  134  133  133  132  124  131  131  129  127  121  111  120  108  108  116  110  112  110   3011
              10 3   109  109  109  109  109  109  110  111  115  121  117  118  119  119  117  118  117  115  115  115  116  114  115  117   2743
              10 4   120  129  136  133  139  143  141  141  141  143  145  144  143  142  143  139  137  136  135  135  133  131  131  130   3290
              10 5   127  126  125  121   99  103  123  122  121  118  119  118  120  115  110  101  100  113  103  100  101  111  119  118   2733
              10 6   117  113  112  113  105  103  112  102   97   95   95  101  108  107  115  114  116  118  117  114  112  101   95   96   2578
              10 7    98   95   91   92   94   90   90   91   92   93   94   95   95   96  102  106  110  115  116  114  118  119  120  121   2447
              10 8   122  121  123  124  123  123  124  125  123  121  123  121  121  125  124  127  126  123  122  125  123  114  111  106   2920
              10 9    98   96   95   94   94   94   94   94   95   96   97   99   99  100  101  103  107  111  112  111  114  111  112  112   2439
              1010   114  112  118  122  127  127  127  127  128  130  133  131  131  132  132  134  135  136  136  138  138  136  134  135   3113
              1011   134  133  134  136  135  135  133  132  130  126  117  117  123  119  112  108  106  105  105  105  105  108  106  105   2869
              1012   104  103  120  117  121  121  125  112  112  119  113  113  108  113  103  102  102  101  101  101  100  100   99   99   2609
              1013    99   99   99   99  100  103  100  100  100  101  102  105  106  107  111  107  106  105  104  105  105  104  104  103   2474
              1014   104  108  109  108  106  103  102  103  105  109  109  114  116  111  110  112  111  110  109  108  108  108  108  109   2600
              1015   114  116  121  123  124  123  122  122  124  125  122  122  127  123  120  124  127  135  133  114  109  108  108  107   2893
              1016   113  118  111  106  107  106  106  106  107  108  109  110  111  112  115  121  124  123  120  120  122  122  121  121   2739
              1017   125  125  125  123  123  124  117  123  120  113  112  115  119  133  127  129  127  125  124  124  125  122  108   94   2902
              1018    92  102  103   92   93  104   90   91   91  104   95  105  108  102   97   94   95   92   93  109   95  106  116  111   2380
              1019   111  109   94  100  104  114  101  111  112  115  118  116  117  110  119  106  103   98  104  104  113  113  115  103   2610
              1020   106  114  103  100   96   91   91   92   93   95   97   98   99  101  104  104  103  101  101  101  101  100   99  100   2390
              1021    99  100  100  100  103  105  101  101  102  103  104  104  107  108  111  114  117  123  126  127  124  116  106  115   2616
              1022   120  111  107  106  106  110  122  119  110  110  113  116  119  123  125  116  115  111  127  110  108  109  108  110   2731
              1023   104  102  104  118  124  120  111  119  114  121  120  121  122  122  123  123  124  122  123  123  123  123  121  122   2849
              1024   121  121  121  121  122  121  121  118  118  118  115  116  119  119  117  116  118  117  115  111  110  115  107   99   2796
              1025    99  116  117  117  111  114  111  110  113   97   91  102   94   91   90   90   90   90   89   88   88   87   87   86   2368
              1026    86   85   85   86   86   86   86   86   87   89   90   91   91   92   92   93   93   91   89   88   89   88   89   89   2127
              1027    88   88   88   88   88   88   88   88   89   91   94   95   97   98   99  101  101  114  126  126  126  127  127  127   2442
              1028   127  126  126  125  124  123  123  123  123  124  122  118  111  113  107  104  103  103  105  110  116  123  125  125   2829
              1029   125  125  124  111  108  115  124  123  123  123  125  128  128  128  128  126  120  129  122  124  110   99  100   97   2865
              1030   104  120  120  106  110  121  121  122  124  115  118  114  127  127  126  128  127  128  127  129  126  126  125  126   2917
              1031   125  125  124  114  118  112  117  114  115  120  112  111  108  103   96   95   95   95   96   96   95   95   94   94   2569
              ------------------------------------------------------------------------------------------------------------------------------------
              TOTAL 3456 3498 3492 3450 3444 3478 3480 3475 3473 3493 3465 3512 3549 3550 3538 3507 3491 3528 3521 3501 3495 3479 3463 3427  83765
              MEAN   111  113  113  111  111  112  112  112  112  113  112  113  114  115  114  113  113  114  114  113  113  112  112  111   2702
              MAX    139  139  137  136  139  143  141  141  141  143  145  144  143  142  143  139  137  136  136  138  138  136  141  140   3290
                N     31   31   31   31   31   31   31   31   31   31   31   31   31   31   31   31   31   31   31   31   31   31   31   31     31
              NOTE                                                                                                                                
                                                                                                                                                  
                   *): WITH MISSING DATA; TOTAL,MEAN,MAXIMUM ESTIMATED                                                                            
                                                                                                                                                  
                                                                                                                                                  
