                                                                                                                                                  
                                                                                                                                                  
                                                                *******************************                                                   
                                                                  DOWNWARD LONGWAVE RADIATION                                                     
                                                                *******************************                                                   
                                                                                                                  COUNTRY = JAPAN                 
                                                                                                                                                  
                                                                                                                                                  
                                                                     UNIT  = 0.01 MJ/m**2                                                         
                        STATION    : Abashiri                                                                                                     
                        STATION NO.: 47409                                                                                                        
                        LOCATION   : 144ﾟ17' E                                                                                                    
                                      44ﾟ01' N                                                                                                    
                        ALTITUDE   :   37.6  m                                                                                                    
                        YEAR/MONTH : 2022/12                                                                                                      
                                                                                                                                                  
              DATE   -01  -02  -03  -04  -05  -06  -07  -08  -09  -10  -11  -12  -13  -14  -15  -16  -17  -18  -19  -20  -21  -22  -23  -24  TOTAL
                                                                                                                                                  
              12 1    72   71   76   86   84   91   76   74   72   79   79   74   74   78   75   70   69   69   69   69   71   71   69   68   1786
              12 2    68   68   68   68   68   68   69   70   69   70   71   84   78   79   72   73   71   71   71   84   75   72   72   72   1731
              12 3    73   74   73   73   74   75   78   81   88   82   85   88   81   82   99  104  104  108  105  103   88   84   88   87   2077
              12 4   107  107  106   97   98   79   79   78   82   91   95   94   90   96   84   82   86   98   79   71   68   72   79   70   2088
              12 5    70   72   69   68   73   81   91   97   95   84   88   91   79   73   77   79   74   71   71   71   70   70   70   70   1854
              12 6    70   70   70   70   71   71   71   72   72   73   73   75   76   77   77   77   77   77   78   80   80   81   79   78   1795
              12 7    78   78   85   86   97   82   77   80   86   91   86   80   82   85   96  105  107  110   97   95  110  108   96   90   2187
              12 8    90   95  101   95   95   85   88   91   83   82   91   91   90   78   93  100   94   93   95   92   80   76   75   80   2133
              12 9    72   71   71   71   71   73   72   89   94   74   75   75   85   99   90   79   80   83   89   98  102  103  101  101   2018
              1210    98  100   96   97   85   82   82   79   79   78   79   80   82   95  104  105   84   80   88  102  101   87   89   84   2136
              1211   100   96   92   98   91   99  101  101   92   89   90   95   90  107  102  101  107  105  100   97   98   84   99   95   2329
              1212   101  101   99   99   98   95   98  100   96   91   97   93   99  101   77   73   72   72   73   81   87   83   81   86   2153
              1213    91   96   95   93   96  102   99  103  101  103  114  108  102  101   97  101   96   98   98   94   92  100  109  112   2401
              1214   110  106  114  105   82   77   76   77   83   91   96  101  105  105  104   86   71   69   75   66   64   64   66   73   2066
              1215    70   67   67   66   67   67   67   68   68   69   71   73   82   80   82   82   79   70   71   71   73   69   71   79   1729
              1216    75   81   83   80   87   89   86   71   70   69   73   75   71   75   84   83   87   81   74   72   69   68   68   69   1840
              1217    69   69   71   72   71   69   69   69   70   70   70   71   72   72   73   74   73   74   84   93   95   97   96  101   1844
              1218   105  107  107  107  107  106  105  102   79   77   96   91   94   87   76   72   71   71   70   68   67   65   65   64   2059
              1219    63   64   64   64   64   64   63   62   63   64   65   77   87   82   76   70   66   67   66   67   68   75   72   74   1647
              1220    83   87   78   73   76   79   73   68   68   68   69   70   77   78   78   79   79   84   90   82   79   83   76   70   1847
              1221    70   87   71   70   70   71   75   76   83   78   78   76   77   77   77   78   77   76   79   82   80   82   81   76   1847
              1222    76   76   76   76   76   76   77   78   81   86   81   89   97  106  110  112  113  114  113  113  113  113  114  114   2280
              1223   114  114  114  114  114  114  114  114  114  114  113  113  112  108  104  100  112  112  111  115  112  112  113  113   2690
              1224   112  112  114  113  114  113  113  113  113  114  111  109  109  110  107  108  109  111  111  112  113  112  111  113   2677
              1225   111  110  111  111  111  111  111  112  113  114  114  112  112  112  112  112  113  112  113  114  114  115  115  115   2700
              1226   115  115  112  113  113  115  115  115  114  114  112  115  113  114  115  114  114  114  115  115  113  113  111  112   2731
              1227   111  111  112  112  111  110  109  109  109  109  109  108  106  105  107  104  103   96   90   89   88   99  105   95   2507
              1228    85   98  104  102   97  102  101  102   81   79   79   80   80   81   81   82   82   82   97  104  104  110  108  104   2225
              1229    93   81   79   78   83   88  101   91   98  104   83   79   84   89   79   73   87   76   95   98  101   96  103  102   2141
              1230    93  100  103  102   86   96  100   93   86   90  103  102   99  101  100  100  100  101  100   99   97   92   82   77   2302
              1231    85   93   93   93   78   77   81   75   73   74   74   75   75   76   77   77   77   77   76   76   76   77   77   79   1891
              ------------------------------------------------------------------------------------------------------------------------------------
              TOTAL 2730 2777 2774 2752 2708 2707 2717 2710 2675 2671 2720 2744 2760 2809 2785 2755 2734 2722 2743 2773 2748 2733 2741 2723  65711
              MEAN    88   90   89   89   87   87   88   87   86   86   88   89   89   91   90   89   88   88   88   89   89   88   88   88   2120
              MAX    115  115  114  114  114  115  115  115  114  114  114  115  113  114  115  114  114  114  115  115  114  115  115  115   2731
                N     31   31   31   31   31   31   31   31   31   31   31   31   31   31   31   31   31   31   31   31   31   31   31   31     31
              NOTE                                                                                                                                
                                                                                                                                                  
                   *): WITH MISSING DATA; TOTAL,MEAN,MAXIMUM ESTIMATED                                                                            
                                                                                                                                                  
                                                                                                                                                  
