                                                                                                                                                  
                                                                                                                                                  
                                                                *******************************                                                   
                                                                  DOWNWARD LONGWAVE RADIATION                                                     
                                                                *******************************                                                   
                                                                                                                  COUNTRY = JAPAN                 
                                                                                                                                                  
                                                                                                                                                  
                                                                     UNIT  = 0.01 MJ/m**2                                                         
                        STATION    : Abashiri                                                                                                     
                        STATION NO.: 47409                                                                                                        
                        LOCATION   : 144ﾟ17' E                                                                                                    
                                      44ﾟ01' N                                                                                                    
                        ALTITUDE   :   37.6  m                                                                                                    
                        YEAR/MONTH : 2022/04                                                                                                      
                                                                                                                                                  
              DATE   -01  -02  -03  -04  -05  -06  -07  -08  -09  -10  -11  -12  -13  -14  -15  -16  -17  -18  -19  -20  -21  -22  -23  -24  TOTAL
                                                                                                                                                  
               4 1   112  105  104  103  105  105  106  103  101   91   90   80   79   79   80   80   93  101  103  100   95  103   95   97   2310
               4 2    82   84   91   92   77   76   76   77   81   82   89  101  104  106   97   95   98  102  103   89   84   84   84   85   2139
               4 3    84   84   83   83   82   83   84   84   86   88   90   91   92   92   90   90   90   90   90   90   90   90   88   87   2101
               4 4    87   86   86   85   85   85   85   85   86   87   89   90   91   90   91   89   88   89   89   89   87   87   85   84   2095
               4 5    82   82   83   85   85   85   87   88   92   94   96   97   98   99  100  100  100   99   96   94   94   92   91   91   2210
               4 6    90   88   89   90   92   93   97  105  108  102  104  114  114  114  114  114  113  111  105   98   85   83   86   82   2391
               4 7    81   79   78   78   77   77   79   80   81   91   96   99  101  100   95   91   98   94   98  100  100   99   98   96   2166
               4 8   103  104  106  109   94   96  104   97   87   90   89   89   90   92   97   97   89   85   86   87  101  108  109  110   2319
               4 9   111  110  111  112  102  108  113  115  116  116  108  112  120  113  102  101  101  116  118  119  119  115  119  113   2690
               410   112  119  119  120  119  118  117  117  108   96  105  109  114  113  113  112  112  112  106  111  115  117  117  110   2711
               411   110  109  106  104  112  108  116  111  108  119  122  119  112  107  112  114  119  122  110  105  105  110  106  111   2677
               412   116  113  109  111  111  105  101  101  110  121  122  113  106  104  114  112  116  118  121  121  121  120  121  121   2728
               413   118  116  115  115  115  115  114  114  114  113  113  113  112  112  112  112  111  111  111  111  110  110  109  106   2702
               414   105  106   95   93   89   83   81   86   88   93   90   88   89   90   88   85   87   99   99   99   95   96   96  100   2220
               415    93   99   89   94   96  101  101  102  102  103  104  105  107  106  105  102  100   93   97   98   97   98  100   99   2391
               416    95   91   97   92   91   96   96   92   92   86   84   83   83   90  105  109  109  106   96   85   83   80   80   81   2202
               417    81   83   84   87   90   91   93   98   95   99  102  102  107  113  115  116  114  118  120  118  120  117  104   89   2456
               418    88   87   88   89   89   95   98   97   96  100  111  117  117  115  118  119  114  116  118  117  118  116  115  111   2549
               419   112  110  114  114   97   87   86   87   89   88   87   87   87   87   86   86   88   89   89   89   89   88   88   88   2212
               420    88   88   89   89   90   91   92   93   96   99  102  103  105  106  107  107  107  106  103  102  102  101  101  101   2368
               421   100  100   98   97   97   97   98  101  103  106  108  111  111  108  106  106  106  106  105  104  105  104  103  103   2483
               422   104  109  109  118  118  120  123  123  126  127  130  131  122  114  115  114  111  109  110  115  117  121  130  127   2843
               423   119  125  108  105  105  122  108  106  110  108  106  105  111  109  106  100  114  110  109   91   92   89   89   88   2535
               424    87   88   87   88   89   95   99   97   95   99  112  103  103  103  105  105  104  104  109  113  111  112  110  106   2424
               425   102  100  102  100   98   98  107  109   99   93   93   93   92   95   96   95  102  107  100   93   93   93   93   92   2345
               426    93   93   93   94   95   95   96   97  102  105  114  120  123  126  127  127  128  121  120  117  124  125  117  119   2671
               427   129  133  132  130  119  120  122  114  116  128  110  101  101  104  102   98   97   95   98  107   96   94   91   90   2627
               428    90   89   88   88   88   88   88   91  101  106   95   97   92   89   92   92   93   91   89   86   86   91   97   97   2204
               429    90   89   95   95   93   93   92   92   93  101  110  108  105  106  111  106   95   96   99   94   97   96   89   86   2331
               430    90   94   90   83   85   83   83   85   86   87   86   86   87   90   97   97   95   95   85   85   84   85   86   85   2109
              ------------------------------------------------------------------------------------------------------------------------------------
              TOTAL 2954 2963 2938 2943 2885 2909 2942 2947 2967 3018 3057 3067 3075 3072 3098 3071 3092 3111 3082 3027 3015 3024 2997 2955  72209
              MEAN    98   99   98   98   96   97   98   98   99  101  102  102  103  102  103  102  103  104  103  101  101  101  100   99   2407
              MAX    129  133  132  130  119  122  123  123  126  128  130  131  123  126  127  127  128  122  121  121  124  125  130  127   2843
                N     30   30   30   30   30   30   30   30   30   30   30   30   30   30   30   30   30   30   30   30   30   30   30   30     30
              NOTE                                                                                                                                
                                                                                                                                                  
                   *): WITH MISSING DATA; TOTAL,MEAN,MAXIMUM ESTIMATED                                                                            
                                                                                                                                                  
                                                                                                                                                  
                                                                                                                                                  
