                                                                                                                                                  
                                                                                                                                                  
                                                                *******************************                                                   
                                                                  DOWNWARD LONGWAVE RADIATION                                                     
                                                                *******************************                                                   
                                                                                                                  COUNTRY = JAPAN                 
                                                                                                                                                  
                                                                                                                                                  
                                                                     UNIT  = 0.01 MJ/m**2                                                         
                        STATION    : Abashiri                                                                                                     
                        STATION NO.: 47409                                                                                                        
                        LOCATION   : 144ﾟ17' E                                                                                                    
                                      44ﾟ01' N                                                                                                    
                        ALTITUDE   :   37.6  m                                                                                                    
                        YEAR/MONTH : 2022/02                                                                                                      
                                                                                                                                                  
              DATE   -01  -02  -03  -04  -05  -06  -07  -08  -09  -10  -11  -12  -13  -14  -15  -16  -17  -18  -19  -20  -21  -22  -23  -24  TOTAL
                                                                                                                                                  
               2 1    84   84   71   77   79   93   79   87   75   70   71   73   80   75   77   84   89   95   98  100   86   76   82   76   1961
               2 2    72   86   83   76   95   96   95   92   90   89   90   79   73   73   73   74   74   76   91  103  103  103  102   98   2086
               2 3    99  101   99   98  100  100   98   93   87   93   96   88   95   80   88   82   73   71   71   81   90   94   85   89   2151
               2 4    79   85   80   88   94   91   83   96   92   89   76   81   97  100  101  102  103  102  101  100   97   96   90   78   2201
               2 5    77   74   69   69   73   73   87   93   89   92   88   87   89   85   88   82   83   86   88   85   83   82   82   83   1987
               2 6    84   91   88   87   87   78   75   81   84   82   92   86   91   76   77   86   84   95   99   99  100  100  100  101   2123
               2 7   101  101  102  102  101  101  103  104  104  104  102  102  101   81   92   94   96  100  101  101   97   88   94   97   2369
               2 8    89   93   99  100   97   93   88   76   74   73   73   74   74   78   84   89   79   82  102   98   94   94   93   98   2094
               2 9    99  102   99   83   71   73   86   89   79   74   71   72   75   72   72   72   73   77   72   72   71   70   70   70   1864
               210    69   70   83   74   96   83   72   70   70   70   71   72   72   72   72   72   71   71   71   71   72   72   71   71   1758
               211    71   71   70   71   76   82   71   71   71   71   73   80   90  101  100   98   87   93  101  101  101  100  101  102   2053
               212   101  101  100  100   99   99   99   99   94   94   87   89   92   86   85   87   78   76   74   73   73   73   73   72   2104
               213    72   73   73   74   76   87   98  102   93   79   95   94  103  103   95   85   93   98   99  104  105  103  103  103   2210
               214   102  102  100  102  104  103  102  105  106  107  104  103  103   99   94   98  102   96   93   97   94   89   96   99   2400
               215    97   90   94   94   98   97   96   95   96   91   91   90   76   68   67   67   66   66   66   67   76   78   71   73   1970
               216    81   84   75   73   80   91   87   90   94   86   77   88   95   91   90   90   86   89   90   93   75   75   82   95   2057
               217    88   98   99   95   93   94   99  100   98   98   97   99   96   96   94   96   93   94   97   97   93   93   92   92   2291
               218    91   87   81   83   90   89   95   94   92   94   94   90   74   73   76   91   87   95   99  100  100   95   78   74   2122
               219    76   71   69   68   67   67   68   69   72   73   73   75   74   75   76   76   75   77   77   81   79   83   94   98   1813
               220    99  102   98   94   93   88   99  100  102   99  109  111  111  110  111  113  113  110  106  103  100   98   97   98   2464
               221   104  106  106  106  104  106  106  106  105  106  106  106  105  105  105  105  105  105  105  105  105  105  105  104   2526
               222   104  104  104  104  103  102  102  102  100   99  100   98   99   94   99   91   89   85   95  100  101  100   94   74   2343
               223    80   90   98   98   99   99   99  101   98   93   88   98   96   94   92   95  100  100   99   99   99   93   81   75   2264
               224    71   70   71   70   70   83   84   94   96   97   96  102  103  102  100   99  100   96  103  105  106  106  106  106   2236
               225   104  102  104  103  102  102  101   97   98   99   84   95   93   94   96   95   97  102   92   78   77   77   78   77   2247
               226    77   77   77   77   78   78   77   77   78   79   80   83   87   92   87   85   83   84   87   91   87   84   86   87   1978
               227    92   95   87  108  108  103   94   87   87   85   86  103  105  108  105  102   92   85   85  100  103  103   75   73   2271
               228    79   74   88  101  102  102  105   97   73   80   85   96   94   99   93   85  101  102   94   83   74   73   76   81   2137
              ------------------------------------------------------------------------------------------------------------------------------------
              TOTAL 2442 2484 2467 2475 2535 2553 2548 2567 2497 2466 2455 2514 2543 2482 2489 2495 2472 2508 2556 2587 2541 2503 2457 2444  60080
              MEAN    87   89   88   88   91   91   91   92   89   88   88   90   91   89   89   89   88   90   91   92   91   89   88   87   2146
              MAX    104  106  106  108  108  106  106  106  106  107  109  111  111  110  111  113  113  110  106  105  106  106  106  106   2526
                N     28   28   28   28   28   28   28   28   28   28   28   28   28   28   28   28   28   28   28   28   28   28   28   28     28
              NOTE                                                                                                                                
                                                                                                                                                  
                   *): WITH MISSING DATA; TOTAL,MEAN,MAXIMUM ESTIMATED                                                                            
                                                                                                                                                  
                                                                                                                                                  
                                                                                                                                                  
                                                                                                                                                  
                                                                                                                                                  
